%  columns="iteration, evaluation, void, void, void, xmean" (startseed=1, 2016/03/24 13:3:32.66)
0 1 0 0 0 9.100000e+01 8.503704e+01 7.000000e+00 9.100000e+01 6.761185e+01 7.000000e+00 9.012035e+01 5.824071e+01 7.724414e+00 8.478883e+01 4.757766e+01 1.211508e+01 7.845632e+01 3.491263e+01 1.733009e+01 
1 13 0 0 0 9.113453e+01 8.542728e+01 7.599811e+00 9.178632e+01 6.869373e+01 8.502996e+00 8.827333e+01 5.816053e+01 6.888464e+00 8.665929e+01 4.773251e+01 9.794569e+00 7.791323e+01 3.291278e+01 1.894554e+01 
2 25 0 0 0 9.193372e+01 8.415222e+01 7.695039e+00 9.265017e+01 6.580961e+01 1.039701e+01 8.657593e+01 5.925632e+01 7.727782e+00 8.781503e+01 4.500503e+01 1.114609e+01 7.961999e+01 3.264035e+01 1.953723e+01 
3 37 0 0 0 9.175897e+01 8.414648e+01 7.229588e+00 9.162258e+01 6.724605e+01 1.218455e+01 8.610993e+01 5.690360e+01 1.019571e+01 8.672269e+01 4.460394e+01 1.335002e+01 8.021807e+01 3.298459e+01 1.741896e+01 
4 49 0 0 0 9.257841e+01 8.446234e+01 8.535646e+00 9.242967e+01 6.889523e+01 1.335018e+01 8.806359e+01 5.658479e+01 1.181364e+01 8.609831e+01 4.444191e+01 1.509436e+01 8.282327e+01 3.469367e+01 1.590070e+01 
5 61 0 0 0 9.241602e+01 8.604467e+01 9.629611e+00 9.040268e+01 6.751404e+01 1.417671e+01 8.505877e+01 5.611683e+01 1.254514e+01 8.653809e+01 4.276734e+01 1.553287e+01 8.348894e+01 3.345086e+01 1.573042e+01 
6 73 0 0 0 9.105114e+01 8.644207e+01 9.185972e+00 9.073570e+01 7.101395e+01 1.371292e+01 8.463408e+01 5.625546e+01 1.271322e+01 8.786123e+01 4.132972e+01 1.381421e+01 8.307818e+01 3.407812e+01 1.722272e+01 
7 85 0 0 0 9.204083e+01 8.666028e+01 1.043198e+01 9.335244e+01 7.183962e+01 1.254309e+01 8.527475e+01 5.626679e+01 1.163789e+01 9.038160e+01 4.047817e+01 1.260172e+01 8.209412e+01 3.380756e+01 1.644657e+01 
8 97 0 0 0 9.207947e+01 8.557196e+01 1.189405e+01 9.299235e+01 7.389008e+01 1.249495e+01 8.685486e+01 5.605581e+01 1.443047e+01 9.068300e+01 4.135383e+01 1.216797e+01 8.236860e+01 3.463245e+01 1.538254e+01 
9 109 0 0 0 9.246392e+01 8.595610e+01 1.451819e+01 9.273230e+01 7.077108e+01 1.156413e+01 8.822400e+01 5.746072e+01 1.254092e+01 8.950306e+01 4.224612e+01 1.277847e+01 8.254568e+01 3.617838e+01 1.895888e+01 
10 121 0 0 0 9.186076e+01 8.649505e+01 1.568583e+01 9.260301e+01 7.142147e+01 1.253672e+01 8.927647e+01 5.601671e+01 1.185533e+01 8.976286e+01 4.078880e+01 1.364769e+01 8.199666e+01 3.644273e+01 1.943540e+01 
11 133 0 0 0 9.082009e+01 8.648673e+01 1.532855e+01 9.294680e+01 7.067965e+01 1.303893e+01 8.807698e+01 5.551773e+01 1.438250e+01 8.889136e+01 4.115261e+01 1.521100e+01 8.301357e+01 3.558607e+01 1.883331e+01 
12 145 0 0 0 9.051264e+01 8.597887e+01 1.604543e+01 9.196665e+01 6.971423e+01 1.222923e+01 8.801368e+01 5.364183e+01 1.464786e+01 8.730173e+01 3.998756e+01 1.766610e+01 8.267196e+01 3.501155e+01 1.761158e+01 
13 157 0 0 0 8.956411e+01 8.582158e+01 1.636771e+01 9.078537e+01 7.136701e+01 1.239423e+01 8.784355e+01 5.405543e+01 1.605075e+01 8.654634e+01 4.006438e+01 1.829597e+01 8.474882e+01 3.634974e+01 1.926572e+01 
14 169 0 0 0 8.899846e+01 8.326395e+01 1.491513e+01 9.170207e+01 7.009962e+01 1.303748e+01 8.809461e+01 5.294416e+01 1.520680e+01 8.688520e+01 4.088694e+01 1.681698e+01 8.296023e+01 3.706793e+01 2.167824e+01 
15 181 0 0 0 8.723871e+01 8.372781e+01 1.428337e+01 9.220964e+01 6.893486e+01 1.255917e+01 8.939473e+01 5.334122e+01 1.447233e+01 8.775470e+01 4.079424e+01 1.668780e+01 8.443221e+01 3.717883e+01 2.257504e+01 
16 193 0 0 0 8.633528e+01 8.408102e+01 1.495751e+01 9.227950e+01 7.200071e+01 1.196732e+01 8.913003e+01 5.238693e+01 1.430942e+01 8.861473e+01 4.249849e+01 1.789095e+01 8.388449e+01 3.601542e+01 2.202148e+01 
17 205 0 0 0 8.512459e+01 8.480047e+01 1.518576e+01 9.285948e+01 7.170426e+01 1.137879e+01 8.840098e+01 5.132479e+01 1.320178e+01 8.955217e+01 4.372492e+01 1.874158e+01 8.517186e+01 3.519182e+01 2.195089e+01 
18 217 0 0 0 8.545602e+01 8.479907e+01 1.433174e+01 9.289144e+01 7.251180e+01 1.087583e+01 8.947796e+01 5.040715e+01 1.337987e+01 8.877042e+01 4.482304e+01 1.872898e+01 8.436598e+01 3.503648e+01 2.175206e+01 
19 229 0 0 0 8.386769e+01 8.367029e+01 1.463525e+01 9.410868e+01 7.313761e+01 9.911392e+00 8.822611e+01 5.269577e+01 1.707069e+01 8.794618e+01 4.428625e+01 1.984985e+01 8.582866e+01 3.510361e+01 2.348001e+01 
20 241 0 0 0 8.495106e+01 8.386578e+01 1.425171e+01 9.393069e+01 7.192683e+01 1.005430e+01 8.677591e+01 5.331705e+01 1.438883e+01 8.701428e+01 4.413271e+01 1.745733e+01 8.400958e+01 3.408119e+01 2.381450e+01 
21 253 0 0 0 8.660687e+01 8.482278e+01 1.471042e+01 9.477417e+01 7.371661e+01 1.119621e+01 8.798836e+01 5.457765e+01 1.575763e+01 8.844987e+01 4.222685e+01 1.571951e+01 8.507601e+01 3.552506e+01 2.361704e+01 
22 265 0 0 0 8.846364e+01 8.572229e+01 1.386997e+01 9.468986e+01 7.533604e+01 1.044144e+01 8.889222e+01 5.599767e+01 1.359170e+01 9.098639e+01 4.146735e+01 1.754043e+01 8.380879e+01 3.592725e+01 2.249936e+01 
23 277 0 0 0 8.852082e+01 8.712923e+01 1.359675e+01 9.380605e+01 7.489649e+01 1.099674e+01 8.861605e+01 5.636297e+01 1.319385e+01 9.041185e+01 4.456380e+01 1.769681e+01 8.472652e+01 3.634949e+01 2.280420e+01 
24 289 0 0 0 8.809503e+01 8.698956e+01 1.328527e+01 9.294353e+01 7.470465e+01 9.740448e+00 8.885889e+01 5.654226e+01 1.338446e+01 9.033201e+01 4.521791e+01 1.923144e+01 8.484262e+01 3.662864e+01 2.137170e+01 
25 301 0 0 0 8.630669e+01 8.739954e+01 1.401691e+01 9.107416e+01 7.276151e+01 1.041626e+01 9.007456e+01 5.508693e+01 1.362006e+01 8.985574e+01 4.574121e+01 1.954314e+01 8.551825e+01 3.627117e+01 2.213017e+01 
26 313 0 0 0 8.557215e+01 8.583988e+01 1.343071e+01 9.165287e+01 7.228704e+01 9.522838e+00 9.009097e+01 5.418883e+01 1.365403e+01 8.824551e+01 4.699670e+01 2.023461e+01 8.449600e+01 3.597028e+01 2.133557e+01 
27 325 0 0 0 8.607878e+01 8.555163e+01 1.382766e+01 9.099719e+01 7.208821e+01 9.595682e+00 8.785477e+01 5.711055e+01 1.456125e+01 8.954846e+01 4.460417e+01 1.913303e+01 8.513398e+01 3.633316e+01 2.179569e+01 
28 337 0 0 0 8.634791e+01 8.696079e+01 1.349518e+01 8.966457e+01 7.256774e+01 1.037088e+01 8.754187e+01 5.692063e+01 1.525864e+01 8.810240e+01 4.624078e+01 2.053861e+01 8.455014e+01 3.644805e+01 2.036005e+01 
29 349 0 0 0 8.518934e+01 8.541576e+01 1.411918e+01 8.959119e+01 7.414682e+01 9.425289e+00 8.731166e+01 5.691182e+01 1.329704e+01 8.807911e+01 4.606686e+01 2.117806e+01 8.362946e+01 3.566038e+01 2.156182e+01 
30 361 0 0 0 8.555609e+01 8.625171e+01 1.464165e+01 8.862367e+01 7.624570e+01 1.078332e+01 8.817114e+01 5.753483e+01 1.520615e+01 8.923240e+01 4.564453e+01 2.114412e+01 8.459798e+01 3.567435e+01 2.295331e+01 
31 373 0 0 0 8.577810e+01 8.644698e+01 1.490077e+01 8.784687e+01 7.605322e+01 1.111310e+01 8.744685e+01 5.645702e+01 1.549717e+01 8.897339e+01 4.560552e+01 2.063686e+01 8.482041e+01 3.530945e+01 2.226536e+01 
32 385 0 0 0 8.532000e+01 8.630449e+01 1.397111e+01 8.695383e+01 7.726346e+01 1.204202e+01 8.767795e+01 5.546498e+01 1.718428e+01 8.951224e+01 4.524922e+01 2.183343e+01 8.512729e+01 3.507027e+01 2.141049e+01 
33 397 0 0 0 8.550509e+01 8.710948e+01 1.388768e+01 8.663076e+01 7.790505e+01 1.254665e+01 8.622923e+01 5.564916e+01 1.881679e+01 8.921034e+01 4.465700e+01 2.095381e+01 8.679963e+01 3.533958e+01 2.304880e+01 
34 409 0 0 0 8.767335e+01 8.792711e+01 1.367856e+01 8.670985e+01 7.906790e+01 1.306724e+01 8.750441e+01 5.454245e+01 1.798049e+01 8.766118e+01 4.538181e+01 2.203866e+01 8.439210e+01 3.569159e+01 2.279421e+01 
35 421 0 0 0 8.660224e+01 8.652845e+01 1.400015e+01 8.741700e+01 7.925364e+01 1.398640e+01 8.868936e+01 5.533665e+01 1.765523e+01 8.935884e+01 4.420650e+01 2.254844e+01 8.509132e+01 3.443981e+01 2.392921e+01 
36 433 0 0 0 8.536598e+01 8.649820e+01 1.416933e+01 8.716759e+01 8.044844e+01 1.318404e+01 8.820344e+01 5.439289e+01 1.599684e+01 8.788459e+01 4.444904e+01 2.233788e+01 8.488974e+01 3.342962e+01 2.303825e+01 
37 445 0 0 0 8.388575e+01 8.565082e+01 1.383995e+01 8.656254e+01 8.149987e+01 1.403037e+01 8.917617e+01 5.345440e+01 1.602403e+01 8.947286e+01 4.534229e+01 2.201361e+01 8.451173e+01 3.272366e+01 2.486598e+01 
38 457 0 0 0 8.328295e+01 8.582462e+01 1.402909e+01 8.542038e+01 8.084104e+01 1.413108e+01 8.926541e+01 5.298452e+01 1.514364e+01 8.991692e+01 4.453859e+01 2.124258e+01 8.599249e+01 3.095979e+01 2.471459e+01 
39 469 0 0 0 8.279695e+01 8.557191e+01 1.398699e+01 8.725150e+01 8.260433e+01 1.472999e+01 8.966951e+01 5.402411e+01 1.480600e+01 9.092895e+01 4.280764e+01 2.043782e+01 8.481259e+01 3.051218e+01 2.530805e+01 
40 481 0 0 0 8.297254e+01 8.542966e+01 1.347087e+01 8.674274e+01 8.141978e+01 1.517993e+01 8.982258e+01 5.375617e+01 1.424648e+01 8.924409e+01 4.357320e+01 2.135499e+01 8.419370e+01 2.919307e+01 2.532288e+01 
41 493 0 0 0 8.471414e+01 8.463663e+01 1.483126e+01 8.700105e+01 8.139843e+01 1.647440e+01 8.915212e+01 5.447993e+01 1.460766e+01 9.012434e+01 4.192559e+01 2.021316e+01 8.378252e+01 3.008037e+01 2.544686e+01 
42 505 0 0 0 8.576258e+01 8.374575e+01 1.526875e+01 8.762054e+01 8.117103e+01 1.660317e+01 8.953881e+01 5.435612e+01 1.551753e+01 8.969196e+01 4.187049e+01 2.011978e+01 8.408961e+01 3.021757e+01 2.516699e+01 
43 517 0 0 0 8.740964e+01 8.429569e+01 1.404875e+01 8.706335e+01 8.057244e+01 1.799098e+01 9.041252e+01 5.521113e+01 1.540669e+01 8.985851e+01 4.350506e+01 1.892575e+01 8.445738e+01 3.041795e+01 2.412840e+01 
44 529 0 0 0 8.663656e+01 8.437416e+01 1.392524e+01 8.600764e+01 8.055257e+01 1.796710e+01 8.998268e+01 5.386213e+01 1.632101e+01 8.964865e+01 4.382587e+01 1.845604e+01 8.445624e+01 2.905355e+01 2.312850e+01 
45 541 0 0 0 8.709829e+01 8.455233e+01 1.475542e+01 8.373108e+01 7.884857e+01 1.820163e+01 8.948699e+01 5.269834e+01 1.581482e+01 8.846527e+01 4.429366e+01 1.961023e+01 8.332922e+01 2.999615e+01 2.364744e+01 
46 553 0 0 0 8.759196e+01 8.461998e+01 1.469994e+01 8.301593e+01 7.778311e+01 1.973682e+01 8.863145e+01 5.113652e+01 1.742718e+01 8.819951e+01 4.409969e+01 1.919477e+01 8.394585e+01 3.112962e+01 2.357284e+01 
47 565 0 0 0 8.705471e+01 8.476203e+01 1.437428e+01 8.323088e+01 7.759431e+01 1.895648e+01 8.833951e+01 5.084051e+01 1.752048e+01 8.872534e+01 4.400550e+01 1.817888e+01 8.280583e+01 3.203859e+01 2.406586e+01 
48 577 0 0 0 8.647456e+01 8.444361e+01 1.419188e+01 8.285989e+01 7.738382e+01 1.813120e+01 8.815809e+01 5.086980e+01 1.857458e+01 8.844290e+01 4.496224e+01 1.936050e+01 8.150296e+01 3.324690e+01 2.402668e+01 
49 589 0 0 0 8.527422e+01 8.480801e+01 1.532057e+01 8.322979e+01 7.773129e+01 1.794564e+01 8.868542e+01 5.192500e+01 1.822346e+01 8.727747e+01 4.484385e+01 1.906108e+01 8.200800e+01 3.319910e+01 2.326337e+01 
50 601 0 0 0 8.459032e+01 8.433179e+01 1.481747e+01 8.269942e+01 7.864704e+01 1.755716e+01 8.824247e+01 5.260751e+01 1.757301e+01 8.725173e+01 4.542262e+01 1.802284e+01 8.095749e+01 3.226261e+01 2.297083e+01 
51 613 0 0 0 8.353766e+01 8.335445e+01 1.597136e+01 8.277012e+01 7.946821e+01 1.813662e+01 8.796463e+01 5.264692e+01 1.702925e+01 8.802327e+01 4.406631e+01 1.906192e+01 8.165803e+01 3.168209e+01 2.331501e+01 
52 625 0 0 0 8.328711e+01 8.230887e+01 1.598514e+01 8.364675e+01 7.946514e+01 1.693796e+01 8.822666e+01 5.278030e+01 1.656931e+01 8.760314e+01 4.335424e+01 1.810008e+01 8.136098e+01 3.110652e+01 2.323788e+01 
53 637 0 0 0 8.235742e+01 8.273004e+01 1.606747e+01 8.433796e+01 7.982377e+01 1.726250e+01 8.802266e+01 5.320276e+01 1.488511e+01 8.833472e+01 4.296987e+01 1.809508e+01 8.126178e+01 3.057284e+01 2.470952e+01 
54 649 0 0 0 8.327776e+01 8.209676e+01 1.508970e+01 8.447621e+01 8.034639e+01 1.726815e+01 8.839085e+01 5.291958e+01 1.511974e+01 8.739678e+01 4.297804e+01 1.872761e+01 8.078586e+01 2.966999e+01 2.445480e+01 
55 661 0 0 0 8.321765e+01 8.267584e+01 1.445916e+01 8.438567e+01 7.945309e+01 1.792348e+01 8.699447e+01 5.260494e+01 1.505873e+01 8.787800e+01 4.362260e+01 1.893088e+01 8.010121e+01 3.039005e+01 2.377060e+01 
56 673 0 0 0 8.460200e+01 8.365679e+01 1.419005e+01 8.388699e+01 7.924855e+01 1.817830e+01 8.701974e+01 5.240559e+01 1.439891e+01 8.743745e+01 4.400470e+01 1.873893e+01 7.969718e+01 3.003683e+01 2.402352e+01 
57 685 0 0 0 8.562230e+01 8.443326e+01 1.388680e+01 8.452610e+01 7.950685e+01 1.686686e+01 8.737500e+01 5.283986e+01 1.330021e+01 8.725463e+01 4.431093e+01 1.802097e+01 7.843834e+01 3.043088e+01 2.305017e+01 
58 697 0 0 0 8.667169e+01 8.421640e+01 1.367662e+01 8.435116e+01 7.951221e+01 1.672081e+01 8.658880e+01 5.261225e+01 1.450111e+01 8.721715e+01 4.325438e+01 1.700199e+01 7.905944e+01 3.134668e+01 2.202048e+01 
59 709 0 0 0 8.698394e+01 8.385858e+01 1.412935e+01 8.489083e+01 7.987011e+01 1.692597e+01 8.555230e+01 5.237485e+01 1.423334e+01 8.670481e+01 4.220142e+01 1.639998e+01 7.867414e+01 3.066483e+01 2.239558e+01 
60 721 0 0 0 8.769044e+01 8.516596e+01 1.357878e+01 8.556319e+01 7.984337e+01 1.668366e+01 8.536101e+01 5.268614e+01 1.416421e+01 8.668910e+01 4.176359e+01 1.680249e+01 7.941035e+01 3.021021e+01 2.203230e+01 
61 733 0 0 0 8.798408e+01 8.407399e+01 1.305932e+01 8.574866e+01 7.914628e+01 1.744167e+01 8.562875e+01 5.271471e+01 1.326783e+01 8.694351e+01 4.144172e+01 1.667230e+01 7.928774e+01 2.917958e+01 2.267859e+01 
62 745 0 0 0 8.602823e+01 8.388196e+01 1.410595e+01 8.625665e+01 7.894055e+01 1.732979e+01 8.654722e+01 5.190586e+01 1.348647e+01 8.700063e+01 4.231637e+01 1.718045e+01 7.985605e+01 3.029509e+01 2.305692e+01 
63 757 0 0 0 8.661847e+01 8.444618e+01 1.410152e+01 8.540857e+01 7.800255e+01 1.595956e+01 8.567128e+01 5.239784e+01 1.293037e+01 8.594222e+01 4.342925e+01 1.705966e+01 7.836124e+01 3.005885e+01 2.234018e+01 
64 769 0 0 0 8.583005e+01 8.387623e+01 1.429768e+01 8.610853e+01 7.798481e+01 1.542479e+01 8.633879e+01 5.319626e+01 1.193242e+01 8.600061e+01 4.283357e+01 1.771310e+01 7.834294e+01 2.894395e+01 2.301923e+01 
65 781 0 0 0 8.510882e+01 8.375091e+01 1.455156e+01 8.643755e+01 7.861575e+01 1.532566e+01 8.668295e+01 5.272710e+01 1.102987e+01 8.584117e+01 4.205888e+01 1.811581e+01 7.893972e+01 2.853631e+01 2.411019e+01 
66 793 0 0 0 8.512514e+01 8.353723e+01 1.542954e+01 8.658720e+01 7.786325e+01 1.573123e+01 8.701200e+01 5.229171e+01 1.099416e+01 8.508062e+01 4.192698e+01 1.863610e+01 7.809733e+01 2.861615e+01 2.290612e+01 
67 805 0 0 0 8.531583e+01 8.356081e+01 1.534497e+01 8.585779e+01 7.833081e+01 1.571731e+01 8.645179e+01 5.228125e+01 1.160299e+01 8.502696e+01 4.189070e+01 1.859343e+01 7.770661e+01 2.865482e+01 2.282968e+01 
68 817 0 0 0 8.582354e+01 8.408209e+01 1.524790e+01 8.422471e+01 7.929254e+01 1.568280e+01 8.612172e+01 5.261483e+01 1.142448e+01 8.447391e+01 4.181290e+01 1.818575e+01 7.714343e+01 2.835691e+01 2.181146e+01 
69 829 0 0 0 8.515460e+01 8.358831e+01 1.554973e+01 8.435007e+01 7.951172e+01 1.614430e+01 8.686797e+01 5.244688e+01 1.141450e+01 8.429931e+01 4.144017e+01 1.952665e+01 7.757983e+01 2.810093e+01 2.240088e+01 
70 841 0 0 0 8.515607e+01 8.371919e+01 1.578849e+01 8.459529e+01 7.963843e+01 1.678177e+01 8.724520e+01 5.292336e+01 1.244270e+01 8.516040e+01 4.077614e+01 1.988658e+01 7.815187e+01 2.773845e+01 2.309589e+01 
71 853 0 0 0 8.467405e+01 8.362310e+01 1.530708e+01 8.401030e+01 8.009565e+01 1.692360e+01 8.716705e+01 5.354541e+01 1.218648e+01 8.550828e+01 4.106622e+01 1.972497e+01 7.842608e+01 2.766440e+01 2.277679e+01 
72 865 0 0 0 8.456241e+01 8.346752e+01 1.502179e+01 8.389519e+01 8.076249e+01 1.666125e+01 8.687080e+01 5.341484e+01 1.219942e+01 8.635745e+01 4.136961e+01 1.965709e+01 7.850175e+01 2.796092e+01 2.284907e+01 
73 877 0 0 0 8.422558e+01 8.280041e+01 1.549662e+01 8.325172e+01 8.096027e+01 1.775977e+01 8.735867e+01 5.207351e+01 1.387621e+01 8.659816e+01 4.139135e+01 1.980468e+01 7.910061e+01 2.818989e+01 2.278979e+01 
74 889 0 0 0 8.367598e+01 8.302154e+01 1.523862e+01 8.367304e+01 8.106034e+01 1.665538e+01 8.816790e+01 5.219393e+01 1.287494e+01 8.591643e+01 4.126433e+01 1.952109e+01 7.796019e+01 2.772298e+01 2.196226e+01 
75 901 0 0 0 8.395233e+01 8.326198e+01 1.490359e+01 8.380766e+01 8.096626e+01 1.632771e+01 8.858284e+01 5.273907e+01 1.266830e+01 8.526283e+01 4.086370e+01 1.951638e+01 7.718774e+01 2.776158e+01 2.207062e+01 
76 913 0 0 0 8.341419e+01 8.347971e+01 1.507922e+01 8.410976e+01 8.131099e+01 1.607943e+01 8.840353e+01 5.241578e+01 1.277339e+01 8.553843e+01 4.089974e+01 1.917536e+01 7.712450e+01 2.755735e+01 2.180440e+01 
77 925 0 0 0 8.369052e+01 8.362275e+01 1.472042e+01 8.461245e+01 8.120287e+01 1.682277e+01 8.897585e+01 5.255909e+01 1.285508e+01 8.568248e+01 4.087173e+01 1.891602e+01 7.721597e+01 2.719302e+01 2.209659e+01 
78 937 0 0 0 8.375819e+01 8.343514e+01 1.469228e+01 8.485288e+01 8.127477e+01 1.650086e+01 8.961074e+01 5.286187e+01 1.302794e+01 8.610353e+01 4.027830e+01 1.897370e+01 7.740078e+01 2.687789e+01 2.256183e+01 
79 949 0 0 0 8.345154e+01 8.413320e+01 1.499051e+01 8.456309e+01 8.099374e+01 1.621518e+01 8.985465e+01 5.318212e+01 1.284694e+01 8.513975e+01 4.024488e+01 1.856971e+01 7.766016e+01 2.651021e+01 2.265389e+01 
80 961 0 0 0 8.340734e+01 8.327009e+01 1.516463e+01 8.502177e+01 8.184909e+01 1.612275e+01 8.997921e+01 5.384349e+01 1.308348e+01 8.585387e+01 4.027901e+01 1.812695e+01 7.669795e+01 2.647666e+01 2.243217e+01 
81 973 0 0 0 8.328239e+01 8.296151e+01 1.519117e+01 8.451395e+01 8.263531e+01 1.607904e+01 8.904252e+01 5.423108e+01 1.359846e+01 8.575621e+01 3.968033e+01 1.836580e+01 7.686205e+01 2.684836e+01 2.270371e+01 
82 985 0 0 0 8.316427e+01 8.310831e+01 1.510774e+01 8.424924e+01 8.308053e+01 1.678768e+01 8.978426e+01 5.480633e+01 1.464279e+01 8.621508e+01 3.952698e+01 1.811606e+01 7.693330e+01 2.715007e+01 2.226845e+01 
83 997 0 0 0 8.329570e+01 8.332585e+01 1.498383e+01 8.456942e+01 8.226766e+01 1.734519e+01 9.007840e+01 5.466092e+01 1.542649e+01 8.654101e+01 3.949751e+01 1.826797e+01 7.741834e+01 2.730453e+01 2.202217e+01 
84 1009 0 0 0 8.301528e+01 8.337468e+01 1.462108e+01 8.464744e+01 8.218036e+01 1.696819e+01 9.037608e+01 5.482760e+01 1.494977e+01 8.646918e+01 3.972906e+01 1.813430e+01 7.689844e+01 2.687619e+01 2.235107e+01 
85 1021 0 0 0 8.330008e+01 8.362120e+01 1.425324e+01 8.437825e+01 8.190412e+01 1.717676e+01 9.100279e+01 5.503259e+01 1.500158e+01 8.646585e+01 3.892668e+01 1.845809e+01 7.645910e+01 2.658859e+01 2.211759e+01 
86 1033 0 0 0 8.327216e+01 8.359685e+01 1.388497e+01 8.494846e+01 8.231319e+01 1.797776e+01 9.124454e+01 5.501660e+01 1.532942e+01 8.662850e+01 3.890326e+01 1.834859e+01 7.627753e+01 2.660864e+01 2.226948e+01 
87 1045 0 0 0 8.352284e+01 8.366611e+01 1.402945e+01 8.489965e+01 8.111776e+01 1.829771e+01 9.119049e+01 5.470774e+01 1.546244e+01 8.642957e+01 3.864629e+01 1.859005e+01 7.594707e+01 2.689912e+01 2.275600e+01 
88 1057 0 0 0 8.347076e+01 8.308372e+01 1.456622e+01 8.490789e+01 8.035623e+01 1.757173e+01 9.047430e+01 5.468079e+01 1.548793e+01 8.567573e+01 3.910102e+01 1.891799e+01 7.607682e+01 2.677896e+01 2.224474e+01 
89 1069 0 0 0 8.370176e+01 8.361390e+01 1.485690e+01 8.494755e+01 8.076699e+01 1.748764e+01 9.043581e+01 5.499018e+01 1.628327e+01 8.601821e+01 3.921609e+01 1.894134e+01 7.732390e+01 2.689331e+01 2.216902e+01 
90 1081 0 0 0 8.282943e+01 8.262313e+01 1.523239e+01 8.463302e+01 8.125879e+01 1.664292e+01 9.044199e+01 5.534305e+01 1.579807e+01 8.573652e+01 3.916856e+01 1.889064e+01 7.734386e+01 2.664191e+01 2.245431e+01 
91 1093 0 0 0 8.232703e+01 8.277117e+01 1.577842e+01 8.427029e+01 8.047809e+01 1.643342e+01 8.993141e+01 5.524815e+01 1.556760e+01 8.533537e+01 3.893947e+01 1.900068e+01 7.770130e+01 2.657341e+01 2.250421e+01 
92 1105 0 0 0 8.180636e+01 8.234451e+01 1.592033e+01 8.437373e+01 8.001646e+01 1.614257e+01 8.989552e+01 5.542088e+01 1.449269e+01 8.480379e+01 3.886755e+01 1.902782e+01 7.746110e+01 2.608734e+01 2.254003e+01 
93 1117 0 0 0 8.107351e+01 8.197224e+01 1.613598e+01 8.435323e+01 8.042893e+01 1.629316e+01 9.049958e+01 5.436791e+01 1.486810e+01 8.516778e+01 3.872395e+01 1.882013e+01 7.759923e+01 2.650931e+01 2.235356e+01 
94 1129 0 0 0 8.221883e+01 8.255492e+01 1.587887e+01 8.414261e+01 8.013785e+01 1.663787e+01 9.006095e+01 5.395008e+01 1.489235e+01 8.450551e+01 3.900060e+01 1.877583e+01 7.723554e+01 2.609031e+01 2.247560e+01 
95 1141 0 0 0 8.300676e+01 8.291020e+01 1.571513e+01 8.453430e+01 8.050657e+01 1.725917e+01 9.056473e+01 5.431136e+01 1.565532e+01 8.497851e+01 3.834319e+01 1.872836e+01 7.738614e+01 2.592240e+01 2.191201e+01 
96 1153 0 0 0 8.330041e+01 8.272947e+01 1.595363e+01 8.446216e+01 7.995175e+01 1.694207e+01 9.042352e+01 5.431495e+01 1.493634e+01 8.508877e+01 3.931311e+01 1.873475e+01 7.721511e+01 2.534511e+01 2.219196e+01 
97 1165 0 0 0 8.313496e+01 8.233526e+01 1.615649e+01 8.408935e+01 7.869851e+01 1.692447e+01 9.018615e+01 5.402479e+01 1.460627e+01 8.428857e+01 3.933023e+01 1.882447e+01 7.670521e+01 2.494433e+01 2.252623e+01 
98 1177 0 0 0 8.352134e+01 8.261171e+01 1.616581e+01 8.417171e+01 7.788270e+01 1.743277e+01 8.977673e+01 5.448947e+01 1.595435e+01 8.421811e+01 3.902021e+01 1.868466e+01 7.701577e+01 2.573851e+01 2.243987e+01 
99 1189 0 0 0 8.305921e+01 8.280244e+01 1.613851e+01 8.368479e+01 7.818576e+01 1.770399e+01 9.032037e+01 5.381751e+01 1.664823e+01 8.415188e+01 3.907103e+01 1.929667e+01 7.747283e+01 2.534401e+01 2.260336e+01 
100 1201 0 0 0 8.325784e+01 8.269624e+01 1.580562e+01 8.395062e+01 7.819602e+01 1.739156e+01 9.044694e+01 5.405929e+01 1.679391e+01 8.422249e+01 3.911612e+01 1.923155e+01 7.755339e+01 2.513600e+01 2.181700e+01 
101 1213 0 0 0 8.297612e+01 8.238511e+01 1.588971e+01 8.406510e+01 7.836263e+01 1.730171e+01 9.125684e+01 5.361279e+01 1.676499e+01 8.495385e+01 3.960594e+01 1.963870e+01 7.726225e+01 2.543240e+01 2.189469e+01 
102 1225 0 0 0 8.319667e+01 8.230138e+01 1.600776e+01 8.418033e+01 7.928924e+01 1.672474e+01 9.149063e+01 5.381499e+01 1.644071e+01 8.573680e+01 3.962974e+01 1.948554e+01 7.690313e+01 2.532873e+01 2.175873e+01 
103 1237 0 0 0 8.314885e+01 8.321541e+01 1.566137e+01 8.438572e+01 8.001133e+01 1.698945e+01 9.108270e+01 5.365734e+01 1.622072e+01 8.560259e+01 3.913262e+01 1.955608e+01 7.701082e+01 2.581065e+01 2.125310e+01 
104 1249 0 0 0 8.305390e+01 8.392963e+01 1.546743e+01 8.484161e+01 7.988588e+01 1.661848e+01 9.156645e+01 5.344682e+01 1.595663e+01 8.604500e+01 3.923012e+01 1.966081e+01 7.688577e+01 2.618495e+01 2.088305e+01 
105 1261 0 0 0 8.283581e+01 8.416677e+01 1.560937e+01 8.524656e+01 7.938877e+01 1.705868e+01 9.173171e+01 5.333272e+01 1.606041e+01 8.623105e+01 3.943576e+01 1.933922e+01 7.686008e+01 2.630702e+01 2.121823e+01 
106 1273 0 0 0 8.183536e+01 8.434226e+01 1.564327e+01 8.491607e+01 7.955174e+01 1.744108e+01 9.257001e+01 5.301789e+01 1.550150e+01 8.638723e+01 3.913013e+01 1.911973e+01 7.632775e+01 2.635869e+01 2.056481e+01 
107 1285 0 0 0 8.248445e+01 8.421326e+01 1.563458e+01 8.570583e+01 7.962105e+01 1.724308e+01 9.275802e+01 5.282986e+01 1.470127e+01 8.649127e+01 4.002177e+01 1.894865e+01 7.665468e+01 2.665077e+01 2.051904e+01 
108 1297 0 0 0 8.224327e+01 8.425756e+01 1.557483e+01 8.571802e+01 7.964125e+01 1.776983e+01 9.285906e+01 5.355422e+01 1.439038e+01 8.629818e+01 3.946342e+01 1.932078e+01 7.617309e+01 2.680897e+01 2.058737e+01 
109 1309 0 0 0 8.184978e+01 8.453575e+01 1.553737e+01 8.613896e+01 8.037095e+01 1.739560e+01 9.269935e+01 5.357709e+01 1.375556e+01 8.626533e+01 3.898731e+01 1.924804e+01 7.604889e+01 2.693588e+01 2.068901e+01 
110 1321 0 0 0 8.113398e+01 8.419078e+01 1.582230e+01 8.591067e+01 8.036663e+01 1.675599e+01 9.268985e+01 5.337383e+01 1.409867e+01 8.630529e+01 3.862606e+01 1.921977e+01 7.673616e+01 2.759384e+01 2.134552e+01 
111 1333 0 0 0 8.184380e+01 8.490380e+01 1.589515e+01 8.630837e+01 8.041868e+01 1.685670e+01 9.255746e+01 5.282875e+01 1.378868e+01 8.641433e+01 3.887048e+01 1.921596e+01 7.676113e+01 2.819156e+01 2.096263e+01 
112 1345 0 0 0 8.205838e+01 8.464528e+01 1.601724e+01 8.627368e+01 7.982770e+01 1.715026e+01 9.332038e+01 5.271653e+01 1.375837e+01 8.662330e+01 3.806809e+01 1.894318e+01 7.692716e+01 2.828786e+01 2.117441e+01 
113 1357 0 0 0 8.244080e+01 8.477665e+01 1.640640e+01 8.605410e+01 8.047537e+01 1.707607e+01 9.294552e+01 5.345289e+01 1.354072e+01 8.774782e+01 3.794640e+01 1.885297e+01 7.693516e+01 2.803376e+01 2.069642e+01 
114 1369 0 0 0 8.292065e+01 8.509958e+01 1.643438e+01 8.558956e+01 8.073307e+01 1.692138e+01 9.234570e+01 5.365049e+01 1.293724e+01 8.759861e+01 3.857804e+01 1.848086e+01 7.696194e+01 2.797510e+01 2.143322e+01 
115 1381 0 0 0 8.232024e+01 8.500904e+01 1.670506e+01 8.547400e+01 7.976767e+01 1.702059e+01 9.189546e+01 5.351020e+01 1.350725e+01 8.733970e+01 3.848895e+01 1.832088e+01 7.706183e+01 2.766870e+01 2.176143e+01 
116 1393 0 0 0 8.155196e+01 8.430959e+01 1.761507e+01 8.489343e+01 8.070318e+01 1.709218e+01 9.181773e+01 5.405745e+01 1.436214e+01 8.719411e+01 3.788444e+01 1.792900e+01 7.671026e+01 2.693808e+01 2.182101e+01 
117 1405 0 0 0 8.053774e+01 8.450447e+01 1.785164e+01 8.463708e+01 8.105015e+01 1.724221e+01 9.165764e+01 5.340614e+01 1.409555e+01 8.701561e+01 3.799771e+01 1.881926e+01 7.675275e+01 2.701940e+01 2.214331e+01 
118 1417 0 0 0 8.070550e+01 8.463772e+01 1.760513e+01 8.437677e+01 8.089441e+01 1.718708e+01 9.157860e+01 5.337720e+01 1.416939e+01 8.668247e+01 3.783866e+01 1.846419e+01 7.664215e+01 2.708238e+01 2.202056e+01 
119 1429 0 0 0 8.055569e+01 8.450582e+01 1.742714e+01 8.400031e+01 8.180142e+01 1.780275e+01 9.136690e+01 5.360302e+01 1.451241e+01 8.677495e+01 3.754353e+01 1.805735e+01 7.663535e+01 2.655744e+01 2.214079e+01 
120 1441 0 0 0 8.045678e+01 8.481011e+01 1.712103e+01 8.427956e+01 8.173466e+01 1.706376e+01 9.074127e+01 5.329581e+01 1.482678e+01 8.695474e+01 3.777407e+01 1.784045e+01 7.699992e+01 2.585432e+01 2.218724e+01 
121 1453 0 0 0 8.068949e+01 8.475013e+01 1.714010e+01 8.507104e+01 8.257582e+01 1.702243e+01 9.103786e+01 5.377897e+01 1.499538e+01 8.662303e+01 3.750212e+01 1.825329e+01 7.747542e+01 2.514576e+01 2.224504e+01 
122 1465 0 0 0 8.098736e+01 8.443879e+01 1.690944e+01 8.568974e+01 8.269366e+01 1.638623e+01 9.148396e+01 5.381466e+01 1.546889e+01 8.664830e+01 3.753218e+01 1.880541e+01 7.682324e+01 2.476231e+01 2.121031e+01 
123 1477 0 0 0 8.069370e+01 8.461954e+01 1.678005e+01 8.528749e+01 8.309022e+01 1.647144e+01 9.123907e+01 5.458536e+01 1.545817e+01 8.749877e+01 3.760774e+01 1.810819e+01 7.730830e+01 2.436771e+01 2.077186e+01 
124 1489 0 0 0 8.025759e+01 8.464756e+01 1.615886e+01 8.535497e+01 8.330569e+01 1.608998e+01 9.181988e+01 5.464019e+01 1.526237e+01 8.744620e+01 3.797431e+01 1.811992e+01 7.702328e+01 2.467832e+01 2.073917e+01 
125 1501 0 0 0 8.036063e+01 8.506230e+01 1.611959e+01 8.602478e+01 8.272379e+01 1.535587e+01 9.146304e+01 5.460970e+01 1.452843e+01 8.729721e+01 3.774832e+01 1.817974e+01 7.740849e+01 2.474091e+01 2.083829e+01 
126 1513 0 0 0 8.151271e+01 8.572643e+01 1.613644e+01 8.605297e+01 8.216853e+01 1.603724e+01 9.167509e+01 5.458754e+01 1.431280e+01 8.740059e+01 3.802723e+01 1.821594e+01 7.734919e+01 2.484129e+01 2.103688e+01 
127 1525 0 0 0 8.137149e+01 8.542800e+01 1.607858e+01 8.601131e+01 8.199323e+01 1.596977e+01 9.214166e+01 5.452967e+01 1.414443e+01 8.710732e+01 3.762262e+01 1.894652e+01 7.712232e+01 2.437384e+01 2.071039e+01 
128 1537 0 0 0 8.157248e+01 8.565102e+01 1.628921e+01 8.598280e+01 8.241775e+01 1.570635e+01 9.190126e+01 5.439075e+01 1.417976e+01 8.696769e+01 3.748643e+01 1.857021e+01 7.702329e+01 2.471693e+01 2.070122e+01 
129 1549 0 0 0 8.166846e+01 8.512712e+01 1.638025e+01 8.528780e+01 8.240458e+01 1.572427e+01 9.099141e+01 5.433698e+01 1.475765e+01 8.668357e+01 3.753535e+01 1.874018e+01 7.699108e+01 2.438005e+01 2.072903e+01 
130 1561 0 0 0 8.140886e+01 8.480181e+01 1.623300e+01 8.541841e+01 8.277569e+01 1.566069e+01 9.120252e+01 5.421337e+01 1.443186e+01 8.693979e+01 3.754404e+01 1.817733e+01 7.665759e+01 2.463004e+01 2.066362e+01 
131 1573 0 0 0 8.157867e+01 8.489153e+01 1.637500e+01 8.574866e+01 8.309788e+01 1.547240e+01 9.100343e+01 5.407035e+01 1.418259e+01 8.649374e+01 3.749418e+01 1.782936e+01 7.689644e+01 2.453845e+01 2.071799e+01 
132 1585 0 0 0 8.131251e+01 8.493573e+01 1.643178e+01 8.576546e+01 8.327998e+01 1.548696e+01 9.122579e+01 5.405200e+01 1.380770e+01 8.630664e+01 3.719363e+01 1.792715e+01 7.672776e+01 2.431475e+01 2.042627e+01 
133 1597 0 0 0 8.133506e+01 8.512002e+01 1.639412e+01 8.538445e+01 8.276823e+01 1.539366e+01 9.124629e+01 5.359016e+01 1.349589e+01 8.640405e+01 3.729384e+01 1.753838e+01 7.676550e+01 2.405150e+01 2.034065e+01 
134 1609 0 0 0 8.133558e+01 8.499593e+01 1.624076e+01 8.539792e+01 8.250594e+01 1.538917e+01 9.085415e+01 5.332271e+01 1.345002e+01 8.601374e+01 3.761005e+01 1.769132e+01 7.659071e+01 2.390926e+01 2.049730e+01 
135 1621 0 0 0 8.175883e+01 8.491899e+01 1.615830e+01 8.561925e+01 8.200929e+01 1.539332e+01 9.048479e+01 5.328743e+01 1.367607e+01 8.578880e+01 3.759012e+01 1.754530e+01 7.635268e+01 2.409813e+01 2.067191e+01 
136 1633 0 0 0 8.200387e+01 8.509040e+01 1.595718e+01 8.536892e+01 8.213459e+01 1.499543e+01 9.032870e+01 5.334731e+01 1.311917e+01 8.551621e+01 3.778178e+01 1.757958e+01 7.635610e+01 2.405233e+01 2.044566e+01 
137 1645 0 0 0 8.229323e+01 8.532739e+01 1.606734e+01 8.555098e+01 8.180701e+01 1.513695e+01 8.978105e+01 5.327690e+01 1.250118e+01 8.478149e+01 3.781567e+01 1.759494e+01 7.641429e+01 2.408379e+01 2.059084e+01 
138 1657 0 0 0 8.242753e+01 8.502950e+01 1.581013e+01 8.561770e+01 8.159983e+01 1.485273e+01 8.946329e+01 5.320798e+01 1.207555e+01 8.462370e+01 3.778471e+01 1.780307e+01 7.610821e+01 2.375742e+01 2.023031e+01 
139 1669 0 0 0 8.218903e+01 8.492707e+01 1.603064e+01 8.553533e+01 8.117595e+01 1.512636e+01 8.976742e+01 5.323249e+01 1.218229e+01 8.470621e+01 3.738379e+01 1.788580e+01 7.607659e+01 2.385153e+01 2.079507e+01 
140 1681 0 0 0 8.254136e+01 8.481316e+01 1.586156e+01 8.527082e+01 8.073547e+01 1.493925e+01 8.975875e+01 5.306023e+01 1.234545e+01 8.468951e+01 3.766833e+01 1.781258e+01 7.647991e+01 2.422583e+01 2.091182e+01 
141 1693 0 0 0 8.322006e+01 8.485420e+01 1.545371e+01 8.553954e+01 8.107160e+01 1.509522e+01 8.988715e+01 5.314226e+01 1.156657e+01 8.499880e+01 3.749981e+01 1.750416e+01 7.640458e+01 2.426150e+01 2.083493e+01 
142 1705 0 0 0 8.289930e+01 8.471577e+01 1.557083e+01 8.522782e+01 8.170615e+01 1.550110e+01 9.031365e+01 5.271332e+01 1.155431e+01 8.527387e+01 3.755861e+01 1.763367e+01 7.651351e+01 2.466378e+01 2.062771e+01 
143 1717 0 0 0 8.278984e+01 8.454222e+01 1.581739e+01 8.540704e+01 8.213037e+01 1.545118e+01 9.047703e+01 5.291453e+01 1.229416e+01 8.524201e+01 3.710444e+01 1.734670e+01 7.657335e+01 2.432123e+01 2.048297e+01 
144 1729 0 0 0 8.278016e+01 8.431280e+01 1.584958e+01 8.569883e+01 8.155591e+01 1.551336e+01 9.033669e+01 5.310781e+01 1.186023e+01 8.491861e+01 3.702067e+01 1.736759e+01 7.647868e+01 2.414404e+01 2.067796e+01 
145 1741 0 0 0 8.307371e+01 8.448688e+01 1.598378e+01 8.567319e+01 8.173314e+01 1.566901e+01 9.000964e+01 5.334117e+01 1.226814e+01 8.469753e+01 3.714341e+01 1.716428e+01 7.677222e+01 2.488558e+01 2.104077e+01 
146 1753 0 0 0 8.344833e+01 8.452041e+01 1.553581e+01 8.556683e+01 8.164164e+01 1.558709e+01 8.977178e+01 5.290666e+01 1.153204e+01 8.454398e+01 3.721149e+01 1.710229e+01 7.641032e+01 2.499486e+01 2.102505e+01 
147 1765 0 0 0 8.380759e+01 8.449244e+01 1.586036e+01 8.542803e+01 8.191504e+01 1.576095e+01 8.950164e+01 5.317484e+01 1.126835e+01 8.455081e+01 3.695191e+01 1.700585e+01 7.640448e+01 2.518624e+01 2.084469e+01 
148 1777 0 0 0 8.396599e+01 8.467529e+01 1.568397e+01 8.508414e+01 8.144590e+01 1.561720e+01 8.943287e+01 5.322571e+01 1.104397e+01 8.408856e+01 3.702017e+01 1.722412e+01 7.615333e+01 2.569120e+01 2.147180e+01 
149 1789 0 0 0 8.451937e+01 8.501088e+01 1.536287e+01 8.510029e+01 8.168135e+01 1.526217e+01 8.913229e+01 5.301667e+01 1.090338e+01 8.435325e+01 3.696482e+01 1.681792e+01 7.589829e+01 2.590796e+01 2.093424e+01 
150 1801 0 0 0 8.439266e+01 8.454726e+01 1.599354e+01 8.516064e+01 8.157495e+01 1.517757e+01 8.890296e+01 5.322771e+01 1.112966e+01 8.434065e+01 3.672998e+01 1.712284e+01 7.631007e+01 2.636409e+01 2.154551e+01 
151 1813 0 0 0 8.460961e+01 8.461174e+01 1.616953e+01 8.509162e+01 8.196823e+01 1.554155e+01 8.867363e+01 5.349513e+01 1.094860e+01 8.468540e+01 3.633107e+01 1.669516e+01 7.647009e+01 2.644257e+01 2.159268e+01 
152 1825 0 0 0 8.479523e+01 8.424056e+01 1.610879e+01 8.452986e+01 8.199275e+01 1.578056e+01 8.825512e+01 5.295199e+01 1.059094e+01 8.404372e+01 3.655126e+01 1.680783e+01 7.634467e+01 2.611593e+01 2.124168e+01 
153 1837 0 0 0 8.537575e+01 8.438697e+01 1.602576e+01 8.441232e+01 8.108157e+01 1.562671e+01 8.788249e+01 5.279324e+01 1.032043e+01 8.347159e+01 3.659119e+01 1.691501e+01 7.622781e+01 2.631730e+01 2.172834e+01 
154 1849 0 0 0 8.534021e+01 8.453552e+01 1.619257e+01 8.359538e+01 8.127379e+01 1.591399e+01 8.780435e+01 5.238763e+01 1.014349e+01 8.348055e+01 3.648154e+01 1.729344e+01 7.651386e+01 2.629503e+01 2.179263e+01 
155 1861 0 0 0 8.543448e+01 8.426985e+01 1.631987e+01 8.313670e+01 8.110957e+01 1.620571e+01 8.789158e+01 5.260570e+01 1.076954e+01 8.367505e+01 3.669618e+01 1.713001e+01 7.660847e+01 2.665883e+01 2.178618e+01 
156 1873 0 0 0 8.601077e+01 8.443395e+01 1.628709e+01 8.305540e+01 8.112513e+01 1.655838e+01 8.792447e+01 5.292329e+01 1.087339e+01 8.356115e+01 3.666851e+01 1.740674e+01 7.636495e+01 2.631802e+01 2.161482e+01 
157 1885 0 0 0 8.520465e+01 8.454357e+01 1.648413e+01 8.309184e+01 8.158951e+01 1.665032e+01 8.849021e+01 5.327331e+01 1.123451e+01 8.388127e+01 3.582314e+01 1.752118e+01 7.662757e+01 2.628379e+01 2.136772e+01 
158 1897 0 0 0 8.455920e+01 8.480339e+01 1.643131e+01 8.328737e+01 8.164380e+01 1.625391e+01 8.894270e+01 5.356112e+01 1.084951e+01 8.426432e+01 3.576258e+01 1.759344e+01 7.648180e+01 2.591673e+01 2.109557e+01 
159 1909 0 0 0 8.461952e+01 8.491929e+01 1.611131e+01 8.322229e+01 8.213920e+01 1.650275e+01 8.910260e+01 5.338495e+01 1.082561e+01 8.442350e+01 3.576700e+01 1.740837e+01 7.595890e+01 2.579929e+01 2.095572e+01 
160 1921 0 0 0 8.512183e+01 8.522738e+01 1.609847e+01 8.282235e+01 8.145687e+01 1.666195e+01 8.876506e+01 5.289140e+01 1.044202e+01 8.376478e+01 3.591245e+01 1.680742e+01 7.602038e+01 2.615811e+01 2.068854e+01 
161 1933 0 0 0 8.472111e+01 8.515077e+01 1.596580e+01 8.357195e+01 8.139082e+01 1.662127e+01 8.886365e+01 5.272975e+01 1.001975e+01 8.358145e+01 3.605952e+01 1.641209e+01 7.582421e+01 2.634350e+01 2.070185e+01 
162 1945 0 0 0 8.490836e+01 8.526149e+01 1.593487e+01 8.343668e+01 8.111681e+01 1.673277e+01 8.861747e+01 5.303201e+01 1.018208e+01 8.336374e+01 3.614945e+01 1.623282e+01 7.544386e+01 2.598900e+01 2.082361e+01 
163 1957 0 0 0 8.485110e+01 8.515494e+01 1.624060e+01 8.346843e+01 8.109215e+01 1.684959e+01 8.913661e+01 5.310453e+01 1.013522e+01 8.390259e+01 3.589924e+01 1.624854e+01 7.545769e+01 2.558803e+01 2.065063e+01 
164 1969 0 0 0 8.473976e+01 8.484037e+01 1.632656e+01 8.364883e+01 8.101183e+01 1.704346e+01 8.981600e+01 5.328528e+01 1.087367e+01 8.398978e+01 3.561850e+01 1.610242e+01 7.541344e+01 2.536174e+01 2.074728e+01 
165 1981 0 0 0 8.505556e+01 8.513977e+01 1.664070e+01 8.388477e+01 8.085399e+01 1.721402e+01 9.013460e+01 5.314636e+01 1.107225e+01 8.388666e+01 3.565564e+01 1.607656e+01 7.537164e+01 2.544322e+01 2.073428e+01 
166 1993 0 0 0 8.492652e+01 8.468382e+01 1.664928e+01 8.356519e+01 8.078428e+01 1.709013e+01 8.940701e+01 5.315485e+01 1.083672e+01 8.363259e+01 3.556165e+01 1.614884e+01 7.500307e+01 2.596006e+01 2.077775e+01 
167 2005 0 0 0 8.491571e+01 8.483735e+01 1.670975e+01 8.297018e+01 8.070398e+01 1.714072e+01 8.926698e+01 5.282207e+01 1.116447e+01 8.436932e+01 3.587383e+01 1.646462e+01 7.532171e+01 2.619139e+01 2.112418e+01 
168 2017 0 0 0 8.455734e+01 8.491839e+01 1.683426e+01 8.275819e+01 8.071753e+01 1.731066e+01 8.916041e+01 5.280192e+01 1.056914e+01 8.398705e+01 3.617069e+01 1.650543e+01 7.504106e+01 2.585336e+01 2.118898e+01 
169 2029 0 0 0 8.477114e+01 8.521872e+01 1.664179e+01 8.255532e+01 8.046921e+01 1.746246e+01 8.842647e+01 5.305156e+01 1.071320e+01 8.417390e+01 3.663471e+01 1.668398e+01 7.571437e+01 2.592941e+01 2.145205e+01 
170 2041 0 0 0 8.469991e+01 8.546523e+01 1.632278e+01 8.183132e+01 8.073123e+01 1.759870e+01 8.828299e+01 5.294268e+01 1.028734e+01 8.431010e+01 3.675549e+01 1.676622e+01 7.531757e+01 2.557763e+01 2.136694e+01 
171 2053 0 0 0 8.455464e+01 8.542305e+01 1.606753e+01 8.225584e+01 8.102589e+01 1.744349e+01 8.770591e+01 5.254392e+01 9.906130e+00 8.429806e+01 3.661054e+01 1.640420e+01 7.585024e+01 2.538059e+01 2.129318e+01 
172 2065 0 0 0 8.415712e+01 8.479342e+01 1.616338e+01 8.299821e+01 8.132642e+01 1.730432e+01 8.768005e+01 5.287377e+01 9.787163e+00 8.410425e+01 3.636070e+01 1.635063e+01 7.577370e+01 2.506839e+01 2.158506e+01 
173 2077 0 0 0 8.386346e+01 8.520639e+01 1.604668e+01 8.286292e+01 8.156281e+01 1.746585e+01 8.778255e+01 5.232248e+01 1.065999e+01 8.430622e+01 3.703261e+01 1.669450e+01 7.637089e+01 2.550945e+01 2.162414e+01 
174 2089 0 0 0 8.328259e+01 8.554385e+01 1.575125e+01 8.288916e+01 8.194294e+01 1.764236e+01 8.826593e+01 5.185254e+01 1.004329e+01 8.429146e+01 3.683049e+01 1.663466e+01 7.633292e+01 2.561208e+01 2.137259e+01 
175 2101 0 0 0 8.359194e+01 8.548120e+01 1.546216e+01 8.265318e+01 8.230773e+01 1.742229e+01 8.805769e+01 5.177976e+01 1.067558e+01 8.471475e+01 3.679170e+01 1.690116e+01 7.630926e+01 2.577738e+01 2.180026e+01 
176 2113 0 0 0 8.274810e+01 8.552936e+01 1.550875e+01 8.279612e+01 8.167581e+01 1.740017e+01 8.863234e+01 5.201335e+01 1.051667e+01 8.427640e+01 3.743417e+01 1.718898e+01 7.643018e+01 2.506524e+01 2.194408e+01 
177 2125 0 0 0 8.343339e+01 8.580437e+01 1.521933e+01 8.219883e+01 8.114011e+01 1.735225e+01 8.849708e+01 5.190325e+01 1.039000e+01 8.412806e+01 3.741277e+01 1.735445e+01 7.651163e+01 2.495516e+01 2.157855e+01 
178 2137 0 0 0 8.364066e+01 8.615027e+01 1.511733e+01 8.213853e+01 8.103393e+01 1.738676e+01 8.784509e+01 5.230080e+01 9.937759e+00 8.430727e+01 3.728307e+01 1.687175e+01 7.671216e+01 2.504632e+01 2.118774e+01 
179 2149 0 0 0 8.377736e+01 8.619200e+01 1.487749e+01 8.220378e+01 8.116012e+01 1.808700e+01 8.770963e+01 5.200941e+01 1.031632e+01 8.410720e+01 3.721214e+01 1.662257e+01 7.695559e+01 2.527557e+01 2.104294e+01 
180 2161 0 0 0 8.335909e+01 8.617179e+01 1.507585e+01 8.252527e+01 8.149781e+01 1.777782e+01 8.820687e+01 5.214695e+01 1.061779e+01 8.405083e+01 3.692454e+01 1.670605e+01 7.667297e+01 2.551780e+01 2.065299e+01 
181 2173 0 0 0 8.364108e+01 8.607345e+01 1.484203e+01 8.215337e+01 8.196617e+01 1.749221e+01 8.793427e+01 5.230368e+01 1.060607e+01 8.396792e+01 3.666383e+01 1.663041e+01 7.683115e+01 2.576998e+01 2.065837e+01 
182 2185 0 0 0 8.370499e+01 8.609481e+01 1.470879e+01 8.249047e+01 8.160727e+01 1.753748e+01 8.786355e+01 5.229191e+01 1.060408e+01 8.412023e+01 3.651601e+01 1.646722e+01 7.681084e+01 2.591130e+01 2.075525e+01 
183 2197 0 0 0 8.347505e+01 8.596036e+01 1.481389e+01 8.254152e+01 8.180759e+01 1.759863e+01 8.851052e+01 5.230252e+01 1.100651e+01 8.477218e+01 3.645392e+01 1.661719e+01 7.701863e+01 2.627378e+01 2.035496e+01 
184 2209 0 0 0 8.336573e+01 8.579826e+01 1.500506e+01 8.223391e+01 8.158430e+01 1.757987e+01 8.863513e+01 5.193942e+01 1.115053e+01 8.449914e+01 3.655640e+01 1.713948e+01 7.671450e+01 2.595333e+01 2.026013e+01 
185 2221 0 0 0 8.349749e+01 8.577443e+01 1.531834e+01 8.242090e+01 8.164523e+01 1.724951e+01 8.879133e+01 5.216929e+01 1.084307e+01 8.411625e+01 3.644557e+01 1.688660e+01 7.640637e+01 2.613682e+01 2.051888e+01 
186 2233 0 0 0 8.315247e+01 8.557364e+01 1.562179e+01 8.306995e+01 8.212313e+01 1.741984e+01 8.942851e+01 5.243327e+01 1.099098e+01 8.443845e+01 3.606606e+01 1.698986e+01 7.656460e+01 2.589677e+01 2.086253e+01 
187 2245 0 0 0 8.344561e+01 8.572198e+01 1.535314e+01 8.299918e+01 8.154596e+01 1.742594e+01 8.918508e+01 5.234285e+01 1.081231e+01 8.414284e+01 3.624935e+01 1.728933e+01 7.657649e+01 2.609424e+01 2.066358e+01 
188 2257 0 0 0 8.401292e+01 8.615869e+01 1.524736e+01 8.279126e+01 8.126526e+01 1.733091e+01 8.886583e+01 5.254275e+01 1.086678e+01 8.450536e+01 3.662087e+01 1.719817e+01 7.669236e+01 2.634545e+01 2.029827e+01 
189 2269 0 0 0 8.394516e+01 8.621773e+01 1.516870e+01 8.248517e+01 8.157514e+01 1.739141e+01 8.902686e+01 5.227879e+01 1.070867e+01 8.430388e+01 3.666178e+01 1.730207e+01 7.652747e+01 2.613861e+01 2.060394e+01 
190 2281 0 0 0 8.392919e+01 8.604342e+01 1.506295e+01 8.256492e+01 8.167666e+01 1.736718e+01 8.913263e+01 5.251793e+01 1.104524e+01 8.458248e+01 3.661416e+01 1.721074e+01 7.669606e+01 2.629044e+01 2.057481e+01 
191 2293 0 0 0 8.407789e+01 8.602860e+01 1.511093e+01 8.280836e+01 8.169071e+01 1.749513e+01 8.925377e+01 5.252618e+01 1.140156e+01 8.456585e+01 3.646753e+01 1.718995e+01 7.685550e+01 2.635333e+01 2.041506e+01 
192 2305 0 0 0 8.418769e+01 8.591278e+01 1.500917e+01 8.295924e+01 8.180511e+01 1.755184e+01 8.929320e+01 5.255356e+01 1.131974e+01 8.460999e+01 3.666622e+01 1.727781e+01 7.682115e+01 2.622429e+01 2.031041e+01 
193 2317 0 0 0 8.440534e+01 8.597061e+01 1.491226e+01 8.254636e+01 8.177722e+01 1.739728e+01 8.907127e+01 5.240922e+01 1.137384e+01 8.465467e+01 3.678721e+01 1.735365e+01 7.699451e+01 2.635738e+01 2.018143e+01 
194 2329 0 0 0 8.428891e+01 8.599468e+01 1.493957e+01 8.275810e+01 8.175347e+01 1.735701e+01 8.929000e+01 5.252519e+01 1.128278e+01 8.467000e+01 3.671394e+01 1.735005e+01 7.681764e+01 2.645850e+01 2.014234e+01 
195 2341 0 0 0 8.465422e+01 8.610836e+01 1.482456e+01 8.263783e+01 8.185496e+01 1.740969e+01 8.936252e+01 5.253262e+01 1.137373e+01 8.475699e+01 3.668372e+01 1.729645e+01 7.667260e+01 2.633870e+01 2.018000e+01 
196 2353 0 0 0 8.466665e+01 8.622141e+01 1.487797e+01 8.259861e+01 8.174167e+01 1.735678e+01 8.949567e+01 5.265719e+01 1.115414e+01 8.481084e+01 3.676766e+01 1.725953e+01 7.672878e+01 2.663137e+01 1.988160e+01 
197 2365 0 0 0 8.465118e+01 8.618230e+01 1.478154e+01 8.253101e+01 8.178749e+01 1.741741e+01 8.949705e+01 5.257415e+01 1.112029e+01 8.489957e+01 3.671829e+01 1.712565e+01 7.674325e+01 2.667860e+01 2.003442e+01 
198 2377 0 0 0 8.451333e+01 8.604795e+01 1.490607e+01 8.269623e+01 8.178413e+01 1.722552e+01 8.943584e+01 5.273514e+01 1.119040e+01 8.472678e+01 3.665857e+01 1.711562e+01 7.665187e+01 2.686315e+01 2.002116e+01 
199 2389 0 0 0 8.454921e+01 8.591114e+01 1.486646e+01 8.275669e+01 8.176499e+01 1.731319e+01 8.920839e+01 5.267854e+01 1.101166e+01 8.482918e+01 3.661848e+01 1.692335e+01 7.662665e+01 2.675426e+01 2.009909e+01 
200 2401 0 0 0 8.458136e+01 8.573783e+01 1.490502e+01 8.268242e+01 8.156094e+01 1.729563e+01 8.900588e+01 5.268598e+01 1.105171e+01 8.461878e+01 3.637453e+01 1.693839e+01 7.674016e+01 2.658862e+01 2.013456e+01 
201 2413 0 0 0 8.453097e+01 8.572768e+01 1.501349e+01 8.287605e+01 8.168551e+01 1.727208e+01 8.928064e+01 5.281222e+01 1.099733e+01 8.446733e+01 3.613175e+01 1.701686e+01 7.661281e+01 2.645395e+01 2.002373e+01 
202 2425 0 0 0 8.448872e+01 8.573802e+01 1.501049e+01 8.268886e+01 8.171770e+01 1.756360e+01 8.927471e+01 5.259562e+01 1.106743e+01 8.458120e+01 3.611174e+01 1.691238e+01 7.660011e+01 2.642746e+01 2.007234e+01 
203 2437 0 0 0 8.447202e+01 8.576040e+01 1.511106e+01 8.287593e+01 8.179378e+01 1.745755e+01 8.941383e+01 5.255258e+01 1.115447e+01 8.471162e+01 3.607581e+01 1.694812e+01 7.672535e+01 2.658096e+01 2.004352e+01 
204 2449 0 0 0 8.448650e+01 8.572824e+01 1.516508e+01 8.268381e+01 8.180456e+01 1.739488e+01 8.929495e+01 5.253573e+01 1.110095e+01 8.473995e+01 3.616570e+01 1.698090e+01 7.682272e+01 2.648146e+01 2.004070e+01 
205 2461 0 0 0 8.462777e+01 8.572835e+01 1.505454e+01 8.280324e+01 8.177153e+01 1.730463e+01 8.947285e+01 5.258376e+01 1.110018e+01 8.491166e+01 3.624037e+01 1.696701e+01 7.668545e+01 2.638448e+01 1.998335e+01 
206 2473 0 0 0 8.457521e+01 8.577599e+01 1.501988e+01 8.279967e+01 8.185179e+01 1.717340e+01 8.961590e+01 5.261948e+01 1.120155e+01 8.485968e+01 3.628259e+01 1.708518e+01 7.669375e+01 2.623719e+01 1.992910e+01 
207 2485 0 0 0 8.469089e+01 8.585046e+01 1.500069e+01 8.271813e+01 8.188476e+01 1.713157e+01 8.980054e+01 5.267925e+01 1.135468e+01 8.487576e+01 3.629482e+01 1.708069e+01 7.664738e+01 2.632634e+01 1.989543e+01 
208 2497 0 0 0 8.463842e+01 8.582077e+01 1.498475e+01 8.271588e+01 8.184923e+01 1.693036e+01 8.967061e+01 5.264269e+01 1.123168e+01 8.487373e+01 3.633339e+01 1.702087e+01 7.670858e+01 2.645984e+01 1.977548e+01 
209 2509 0 0 0 8.473084e+01 8.562627e+01 1.502273e+01 8.270562e+01 8.177927e+01 1.685099e+01 8.961767e+01 5.284850e+01 1.131988e+01 8.472543e+01 3.629099e+01 1.715606e+01 7.670291e+01 2.644182e+01 1.991322e+01 
210 2521 0 0 0 8.478923e+01 8.562667e+01 1.511291e+01 8.273324e+01 8.179779e+01 1.674719e+01 8.972295e+01 5.282734e+01 1.132913e+01 8.485524e+01 3.645113e+01 1.710999e+01 7.669499e+01 2.663967e+01 1.987362e+01 
211 2533 0 0 0 8.479085e+01 8.561481e+01 1.511969e+01 8.270429e+01 8.169090e+01 1.659538e+01 8.970691e+01 5.290493e+01 1.131092e+01 8.474544e+01 3.641542e+01 1.715268e+01 7.667102e+01 2.656845e+01 2.004333e+01 
212 2545 0 0 0 8.477512e+01 8.571485e+01 1.512738e+01 8.271919e+01 8.175456e+01 1.646403e+01 8.972928e+01 5.282797e+01 1.119717e+01 8.461728e+01 3.643490e+01 1.718408e+01 7.660779e+01 2.669435e+01 1.987545e+01 
213 2557 0 0 0 8.467655e+01 8.574506e+01 1.525288e+01 8.269394e+01 8.173859e+01 1.625709e+01 8.970730e+01 5.279664e+01 1.094875e+01 8.458830e+01 3.654158e+01 1.721201e+01 7.666410e+01 2.673654e+01 1.998921e+01 
214 2569 0 0 0 8.481949e+01 8.568427e+01 1.530759e+01 8.266799e+01 8.175449e+01 1.587234e+01 8.979989e+01 5.301420e+01 1.102935e+01 8.445588e+01 3.664588e+01 1.745321e+01 7.681960e+01 2.685190e+01 1.991825e+01 
215 2581 0 0 0 8.475942e+01 8.564180e+01 1.531226e+01 8.270543e+01 8.153433e+01 1.597612e+01 8.970807e+01 5.285053e+01 1.100646e+01 8.446003e+01 3.684453e+01 1.731412e+01 7.678121e+01 2.680338e+01 1.990222e+01 
216 2593 0 0 0 8.493013e+01 8.571852e+01 1.527248e+01 8.271818e+01 8.175475e+01 1.617797e+01 8.972691e+01 5.290816e+01 1.120502e+01 8.469932e+01 3.709754e+01 1.715943e+01 7.667783e+01 2.671732e+01 1.986142e+01 
217 2605 0 0 0 8.486956e+01 8.579823e+01 1.511403e+01 8.273339e+01 8.175410e+01 1.612859e+01 8.986440e+01 5.281152e+01 1.116338e+01 8.465772e+01 3.745313e+01 1.715575e+01 7.668109e+01 2.688861e+01 1.979088e+01 
218 2617 0 0 0 8.482660e+01 8.570671e+01 1.517513e+01 8.287273e+01 8.169496e+01 1.613805e+01 8.975782e+01 5.281067e+01 1.102709e+01 8.464988e+01 3.751671e+01 1.724575e+01 7.673901e+01 2.698679e+01 1.988055e+01 
219 2629 0 0 0 8.478562e+01 8.578919e+01 1.508608e+01 8.271490e+01 8.161930e+01 1.627819e+01 8.970499e+01 5.269159e+01 1.124548e+01 8.458027e+01 3.752399e+01 1.728901e+01 7.682434e+01 2.695097e+01 1.987782e+01 
220 2641 0 0 0 8.481828e+01 8.584390e+01 1.492302e+01 8.277961e+01 8.173475e+01 1.587320e+01 8.991533e+01 5.301430e+01 1.128127e+01 8.477124e+01 3.764114e+01 1.729786e+01 7.677411e+01 2.696512e+01 1.979714e+01 
221 2653 0 0 0 8.471205e+01 8.568038e+01 1.484541e+01 8.272408e+01 8.175479e+01 1.602733e+01 9.009277e+01 5.295794e+01 1.153668e+01 8.488070e+01 3.755992e+01 1.744176e+01 7.673696e+01 2.678501e+01 1.973073e+01 
222 2665 0 0 0 8.484436e+01 8.581801e+01 1.487197e+01 8.258681e+01 8.172170e+01 1.581816e+01 9.000957e+01 5.284324e+01 1.131683e+01 8.494407e+01 3.776526e+01 1.738284e+01 7.675556e+01 2.700309e+01 1.969837e+01 
223 2677 0 0 0 8.475647e+01 8.578056e+01 1.485800e+01 8.276314e+01 8.164371e+01 1.568012e+01 9.029186e+01 5.290532e+01 1.134969e+01 8.500383e+01 3.774149e+01 1.743615e+01 7.677727e+01 2.704134e+01 1.981569e+01 
224 2689 0 0 0 8.472041e+01 8.575866e+01 1.482095e+01 8.279007e+01 8.164601e+01 1.571169e+01 9.009465e+01 5.285015e+01 1.103446e+01 8.474947e+01 3.781777e+01 1.738000e+01 7.663192e+01 2.695468e+01 1.995808e+01 
225 2701 0 0 0 8.479278e+01 8.569733e+01 1.486125e+01 8.265630e+01 8.173135e+01 1.572110e+01 8.989164e+01 5.298202e+01 1.120272e+01 8.477206e+01 3.750923e+01 1.736578e+01 7.679066e+01 2.696430e+01 1.995979e+01 
226 2713 0 0 0 8.476682e+01 8.569469e+01 1.494899e+01 8.271870e+01 8.174924e+01 1.569757e+01 9.003240e+01 5.307487e+01 1.103750e+01 8.476564e+01 3.740048e+01 1.726480e+01 7.679928e+01 2.687126e+01 2.010636e+01 
227 2725 0 0 0 8.493926e+01 8.571690e+01 1.492329e+01 8.273351e+01 8.173585e+01 1.565492e+01 8.995434e+01 5.321012e+01 1.110201e+01 8.475578e+01 3.731083e+01 1.731480e+01 7.683536e+01 2.702109e+01 1.998554e+01 
228 2737 0 0 0 8.483555e+01 8.571577e+01 1.481256e+01 8.272947e+01 8.178682e+01 1.557761e+01 8.984712e+01 5.333024e+01 1.108725e+01 8.484123e+01 3.723449e+01 1.726029e+01 7.688912e+01 2.701484e+01 1.986650e+01 
229 2749 0 0 0 8.487373e+01 8.576182e+01 1.481607e+01 8.281590e+01 8.173070e+01 1.551112e+01 8.969890e+01 5.319513e+01 1.081850e+01 8.483503e+01 3.733281e+01 1.713050e+01 7.679901e+01 2.703570e+01 1.973791e+01 
230 2761 0 0 0 8.483787e+01 8.575969e+01 1.482338e+01 8.264786e+01 8.188367e+01 1.539666e+01 8.973398e+01 5.316262e+01 1.074211e+01 8.493186e+01 3.725660e+01 1.711011e+01 7.678457e+01 2.704425e+01 1.959683e+01 
231 2773 0 0 0 8.476420e+01 8.573657e+01 1.478372e+01 8.267280e+01 8.176650e+01 1.539424e+01 8.964679e+01 5.306790e+01 1.077872e+01 8.495952e+01 3.732389e+01 1.710637e+01 7.682453e+01 2.677577e+01 1.954861e+01 
232 2785 0 0 0 8.478068e+01 8.566960e+01 1.476918e+01 8.273309e+01 8.192718e+01 1.541680e+01 8.967587e+01 5.315842e+01 1.079479e+01 8.500087e+01 3.727997e+01 1.702430e+01 7.678415e+01 2.672372e+01 1.956680e+01 
233 2797 0 0 0 8.482661e+01 8.559985e+01 1.479388e+01 8.280086e+01 8.178340e+01 1.537433e+01 8.958528e+01 5.310200e+01 1.062133e+01 8.484779e+01 3.742962e+01 1.694851e+01 7.672611e+01 2.663926e+01 1.968566e+01 
234 2809 0 0 0 8.468279e+01 8.554268e+01 1.484813e+01 8.282700e+01 8.175590e+01 1.550010e+01 8.955800e+01 5.315473e+01 1.082669e+01 8.477688e+01 3.741088e+01 1.705684e+01 7.680148e+01 2.663886e+01 1.972073e+01 
235 2821 0 0 0 8.466087e+01 8.556740e+01 1.475222e+01 8.286789e+01 8.175274e+01 1.546371e+01 8.945718e+01 5.314314e+01 1.075868e+01 8.464660e+01 3.745162e+01 1.698653e+01 7.678997e+01 2.667225e+01 1.968091e+01 
236 2833 0 0 0 8.470986e+01 8.570912e+01 1.475937e+01 8.290419e+01 8.170529e+01 1.551632e+01 8.953603e+01 5.318682e+01 1.066433e+01 8.468876e+01 3.745845e+01 1.698451e+01 7.680506e+01 2.671892e+01 1.974188e+01 
237 2845 0 0 0 8.477277e+01 8.566089e+01 1.472503e+01 8.287653e+01 8.168951e+01 1.561513e+01 8.953570e+01 5.320914e+01 1.070832e+01 8.469397e+01 3.737381e+01 1.697790e+01 7.688674e+01 2.671777e+01 1.979813e+01 
238 2857 0 0 0 8.482124e+01 8.568038e+01 1.468808e+01 8.288641e+01 8.174829e+01 1.564651e+01 8.959176e+01 5.317605e+01 1.073410e+01 8.478424e+01 3.721050e+01 1.698777e+01 7.687559e+01 2.676857e+01 1.973057e+01 
239 2869 0 0 0 8.480564e+01 8.564697e+01 1.465108e+01 8.277542e+01 8.168519e+01 1.559445e+01 8.962656e+01 5.316804e+01 1.071473e+01 8.472646e+01 3.722233e+01 1.709196e+01 7.688675e+01 2.680006e+01 1.975855e+01 
240 2881 0 0 0 8.482390e+01 8.564728e+01 1.455035e+01 8.268011e+01 8.172623e+01 1.566231e+01 8.974614e+01 5.309582e+01 1.087676e+01 8.480037e+01 3.720266e+01 1.713219e+01 7.680632e+01 2.686602e+01 1.964936e+01 
241 2893 0 0 0 8.485569e+01 8.566774e+01 1.455273e+01 8.269616e+01 8.178213e+01 1.567141e+01 8.971668e+01 5.307856e+01 1.080949e+01 8.486738e+01 3.713871e+01 1.707042e+01 7.682660e+01 2.692869e+01 1.963925e+01 
242 2905 0 0 0 8.480723e+01 8.567899e+01 1.455022e+01 8.275617e+01 8.183360e+01 1.551368e+01 8.975531e+01 5.308803e+01 1.084614e+01 8.477016e+01 3.711809e+01 1.708253e+01 7.679433e+01 2.695228e+01 1.964520e+01 
243 2917 0 0 0 8.471900e+01 8.572318e+01 1.449684e+01 8.282253e+01 8.176719e+01 1.549182e+01 8.972534e+01 5.304109e+01 1.094853e+01 8.473393e+01 3.722940e+01 1.711986e+01 7.692297e+01 2.693679e+01 1.962545e+01 
244 2929 0 0 0 8.468886e+01 8.567069e+01 1.448636e+01 8.283246e+01 8.172518e+01 1.534508e+01 8.976407e+01 5.308166e+01 1.092802e+01 8.474999e+01 3.733260e+01 1.716301e+01 7.689244e+01 2.697260e+01 1.955535e+01 
245 2941 0 0 0 8.473770e+01 8.562757e+01 1.439354e+01 8.289276e+01 8.175282e+01 1.533456e+01 8.963789e+01 5.302856e+01 1.081310e+01 8.465988e+01 3.729876e+01 1.712876e+01 7.687706e+01 2.692728e+01 1.958227e+01 
246 2953 0 0 0 8.481729e+01 8.568462e+01 1.441737e+01 8.282202e+01 8.177280e+01 1.537312e+01 8.956424e+01 5.300717e+01 1.082951e+01 8.463277e+01 3.724641e+01 1.715000e+01 7.687444e+01 2.694400e+01 1.957285e+01 
247 2965 0 0 0 8.476121e+01 8.569190e+01 1.441071e+01 8.283341e+01 8.174822e+01 1.533263e+01 8.960240e+01 5.297645e+01 1.087602e+01 8.464794e+01 3.734502e+01 1.712978e+01 7.683583e+01 2.692230e+01 1.959219e+01 
248 2977 0 0 0 8.473716e+01 8.569461e+01 1.444467e+01 8.287234e+01 8.170648e+01 1.526317e+01 8.958711e+01 5.300484e+01 1.087355e+01 8.463756e+01 3.740023e+01 1.712445e+01 7.677237e+01 2.690212e+01 1.959853e+01 
249 2989 0 0 0 8.465706e+01 8.574081e+01 1.440882e+01 8.289642e+01 8.173388e+01 1.524395e+01 8.962513e+01 5.295889e+01 1.104917e+01 8.460642e+01 3.748060e+01 1.714293e+01 7.676746e+01 2.692858e+01 1.960057e+01 
250 3001 0 0 0 8.464689e+01 8.574140e+01 1.437681e+01 8.293023e+01 8.174335e+01 1.529921e+01 8.962433e+01 5.292523e+01 1.107426e+01 8.463523e+01 3.746708e+01 1.713975e+01 7.673050e+01 2.696104e+01 1.953130e+01 
251 3013 0 0 0 8.463642e+01 8.576966e+01 1.439730e+01 8.290082e+01 8.173746e+01 1.529153e+01 8.966166e+01 5.294508e+01 1.110309e+01 8.466930e+01 3.757628e+01 1.718186e+01 7.673872e+01 2.700183e+01 1.955771e+01 
252 3025 0 0 0 8.473291e+01 8.577135e+01 1.440643e+01 8.284161e+01 8.173519e+01 1.534570e+01 8.966514e+01 5.295985e+01 1.110583e+01 8.464246e+01 3.755805e+01 1.719255e+01 7.668619e+01 2.704504e+01 1.956517e+01 
253 3037 0 0 0 8.477633e+01 8.572444e+01 1.439083e+01 8.288495e+01 8.172402e+01 1.528973e+01 8.958577e+01 5.296913e+01 1.105865e+01 8.458096e+01 3.756040e+01 1.709889e+01 7.673048e+01 2.704798e+01 1.956782e+01 
254 3049 0 0 0 8.481188e+01 8.577523e+01 1.442501e+01 8.288460e+01 8.170250e+01 1.537022e+01 8.956431e+01 5.296188e+01 1.098481e+01 8.461558e+01 3.742926e+01 1.705297e+01 7.678845e+01 2.701338e+01 1.959824e+01 
255 3061 0 0 0 8.478055e+01 8.580251e+01 1.443809e+01 8.285785e+01 8.176874e+01 1.532527e+01 8.955717e+01 5.301747e+01 1.097017e+01 8.471059e+01 3.733208e+01 1.706268e+01 7.680519e+01 2.707688e+01 1.960851e+01 
256 3073 0 0 0 8.481684e+01 8.574296e+01 1.445038e+01 8.287052e+01 8.183230e+01 1.527040e+01 8.953809e+01 5.307795e+01 1.099776e+01 8.470396e+01 3.732513e+01 1.706436e+01 7.684076e+01 2.711485e+01 1.965564e+01 
257 3085 0 0 0 8.487250e+01 8.584234e+01 1.440547e+01 8.289279e+01 8.180859e+01 1.534182e+01 8.962568e+01 5.318908e+01 1.103314e+01 8.472323e+01 3.737665e+01 1.704020e+01 7.679605e+01 2.713809e+01 1.963133e+01 
258 3097 0 0 0 8.483683e+01 8.585929e+01 1.440936e+01 8.291927e+01 8.177623e+01 1.530927e+01 8.965396e+01 5.318825e+01 1.106373e+01 8.468136e+01 3.744011e+01 1.705194e+01 7.677552e+01 2.708135e+01 1.964997e+01 
259 3109 0 0 0 8.483772e+01 8.584476e+01 1.440554e+01 8.291979e+01 8.184403e+01 1.528308e+01 8.976511e+01 5.317578e+01 1.102381e+01 8.471778e+01 3.740355e+01 1.704161e+01 7.676642e+01 2.708836e+01 1.964651e+01 
260 3121 0 0 0 8.488029e+01 8.588864e+01 1.438488e+01 8.288173e+01 8.185662e+01 1.529970e+01 8.975740e+01 5.317945e+01 1.098292e+01 8.472541e+01 3.740799e+01 1.700358e+01 7.674359e+01 2.715658e+01 1.964139e+01 
261 3133 0 0 0 8.481452e+01 8.590769e+01 1.431764e+01 8.291847e+01 8.180691e+01 1.522761e+01 8.980566e+01 5.318778e+01 1.112526e+01 8.479997e+01 3.757242e+01 1.698711e+01 7.668827e+01 2.715675e+01 1.953200e+01 
262 3145 0 0 0 8.478599e+01 8.586144e+01 1.435455e+01 8.292325e+01 8.179087e+01 1.519170e+01 8.987794e+01 5.318389e+01 1.116823e+01 8.470758e+01 3.757458e+01 1.702498e+01 7.664459e+01 2.719195e+01 1.955537e+01 
263 3157 0 0 0 8.481126e+01 8.586912e+01 1.442749e+01 8.287945e+01 8.186472e+01 1.518951e+01 8.972930e+01 5.315771e+01 1.104565e+01 8.470540e+01 3.744088e+01 1.702902e+01 7.669254e+01 2.719890e+01 1.956336e+01 
264 3169 0 0 0 8.491253e+01 8.589498e+01 1.442409e+01 8.286767e+01 8.182172e+01 1.521023e+01 8.969767e+01 5.318191e+01 1.102206e+01 8.467750e+01 3.736055e+01 1.697920e+01 7.668689e+01 2.723487e+01 1.956400e+01 
265 3181 0 0 0 8.493001e+01 8.590459e+01 1.441713e+01 8.286151e+01 8.180974e+01 1.522362e+01 8.972465e+01 5.316500e+01 1.094152e+01 8.466297e+01 3.734227e+01 1.697666e+01 7.666493e+01 2.722236e+01 1.957345e+01 
266 3193 0 0 0 8.494790e+01 8.587531e+01 1.437706e+01 8.287980e+01 8.178651e+01 1.521429e+01 8.972694e+01 5.318766e+01 1.095068e+01 8.458431e+01 3.733901e+01 1.703869e+01 7.664609e+01 2.722379e+01 1.961378e+01 
267 3205 0 0 0 8.496158e+01 8.591580e+01 1.434099e+01 8.289583e+01 8.178770e+01 1.521561e+01 8.963668e+01 5.315790e+01 1.098200e+01 8.456382e+01 3.732203e+01 1.703754e+01 7.667587e+01 2.720675e+01 1.960586e+01 
268 3217 0 0 0 8.493714e+01 8.593354e+01 1.434990e+01 8.286213e+01 8.179239e+01 1.524087e+01 8.967046e+01 5.316112e+01 1.103723e+01 8.463502e+01 3.741477e+01 1.706511e+01 7.668990e+01 2.721359e+01 1.957910e+01 
269 3229 0 0 0 8.492334e+01 8.592775e+01 1.434649e+01 8.284468e+01 8.181695e+01 1.522598e+01 8.963093e+01 5.315845e+01 1.098480e+01 8.460867e+01 3.744557e+01 1.706586e+01 7.667620e+01 2.724390e+01 1.958060e+01 
270 3241 0 0 0 8.492620e+01 8.593200e+01 1.434674e+01 8.282767e+01 8.180367e+01 1.520602e+01 8.962761e+01 5.319985e+01 1.098285e+01 8.461987e+01 3.748378e+01 1.708460e+01 7.670725e+01 2.730520e+01 1.957448e+01 
271 3253 0 0 0 8.493260e+01 8.594168e+01 1.431658e+01 8.284054e+01 8.180400e+01 1.519726e+01 8.965459e+01 5.317317e+01 1.097088e+01 8.459918e+01 3.748045e+01 1.708591e+01 7.666344e+01 2.731034e+01 1.954126e+01 
272 3265 0 0 0 8.493368e+01 8.591270e+01 1.433891e+01 8.284197e+01 8.181078e+01 1.521344e+01 8.966250e+01 5.321570e+01 1.092132e+01 8.460305e+01 3.741446e+01 1.706292e+01 7.663756e+01 2.735130e+01 1.953563e+01 
273 3277 0 0 0 8.492233e+01 8.591609e+01 1.434097e+01 8.283499e+01 8.183449e+01 1.518693e+01 8.963994e+01 5.325162e+01 1.092490e+01 8.461809e+01 3.733635e+01 1.705286e+01 7.666310e+01 2.737437e+01 1.954156e+01 
274 3289 0 0 0 8.491718e+01 8.589820e+01 1.435448e+01 8.282635e+01 8.184117e+01 1.521246e+01 8.966032e+01 5.319669e+01 1.087576e+01 8.462515e+01 3.735183e+01 1.703776e+01 7.664493e+01 2.734773e+01 1.955781e+01 
275 3301 0 0 0 8.493306e+01 8.591822e+01 1.434752e+01 8.282216e+01 8.179114e+01 1.519583e+01 8.968550e+01 5.321580e+01 1.087541e+01 8.461036e+01 3.739168e+01 1.706616e+01 7.663620e+01 2.736656e+01 1.954802e+01 
276 3313 0 0 0 8.494301e+01 8.595421e+01 1.432902e+01 8.282638e+01 8.176289e+01 1.524101e+01 8.969415e+01 5.321517e+01 1.088700e+01 8.462945e+01 3.743010e+01 1.704698e+01 7.664046e+01 2.735605e+01 1.955622e+01 
277 3325 0 0 0 8.493290e+01 8.595311e+01 1.433611e+01 8.284506e+01 8.171832e+01 1.524425e+01 8.964574e+01 5.321474e+01 1.088499e+01 8.461241e+01 3.743809e+01 1.705042e+01 7.666542e+01 2.734828e+01 1.954532e+01 
278 3337 0 0 0 8.492356e+01 8.594538e+01 1.434256e+01 8.288705e+01 8.170361e+01 1.523516e+01 8.965559e+01 5.321605e+01 1.088667e+01 8.462002e+01 3.743847e+01 1.705130e+01 7.666615e+01 2.732038e+01 1.954045e+01 
279 3349 0 0 0 8.488783e+01 8.594117e+01 1.433082e+01 8.292678e+01 8.169833e+01 1.520164e+01 8.966471e+01 5.320755e+01 1.091944e+01 8.464868e+01 3.746023e+01 1.705084e+01 7.664396e+01 2.731740e+01 1.951677e+01 
280 3361 0 0 0 8.491760e+01 8.592727e+01 1.432833e+01 8.293335e+01 8.171807e+01 1.517713e+01 8.966873e+01 5.320286e+01 1.094104e+01 8.463563e+01 3.742949e+01 1.704248e+01 7.666135e+01 2.733067e+01 1.950232e+01 
281 3373 0 0 0 8.490165e+01 8.595652e+01 1.431610e+01 8.294038e+01 8.170394e+01 1.521124e+01 8.965010e+01 5.321202e+01 1.094209e+01 8.462301e+01 3.743811e+01 1.704069e+01 7.667632e+01 2.731465e+01 1.954053e+01 
282 3385 0 0 0 8.489716e+01 8.594872e+01 1.430951e+01 8.294876e+01 8.170421e+01 1.521240e+01 8.963335e+01 5.320428e+01 1.089562e+01 8.462394e+01 3.741321e+01 1.704223e+01 7.668981e+01 2.729438e+01 1.952153e+01 
283 3397 0 0 0 8.489166e+01 8.594181e+01 1.433619e+01 8.294205e+01 8.170163e+01 1.520371e+01 8.961876e+01 5.319976e+01 1.089820e+01 8.463203e+01 3.743562e+01 1.703230e+01 7.669577e+01 2.727806e+01 1.952686e+01 
284 3409 0 0 0 8.488219e+01 8.595370e+01 1.431867e+01 8.292315e+01 8.167972e+01 1.520417e+01 8.961792e+01 5.316388e+01 1.093760e+01 8.459838e+01 3.744103e+01 1.707308e+01 7.671557e+01 2.727324e+01 1.952855e+01 
285 3421 0 0 0 8.486569e+01 8.597065e+01 1.432226e+01 8.292709e+01 8.167674e+01 1.518950e+01 8.965742e+01 5.316676e+01 1.095114e+01 8.460532e+01 3.744949e+01 1.710029e+01 7.671482e+01 2.727274e+01 1.952925e+01 
286 3433 0 0 0 8.485832e+01 8.597857e+01 1.433709e+01 8.294101e+01 8.166496e+01 1.519726e+01 8.963552e+01 5.316455e+01 1.092690e+01 8.458464e+01 3.745095e+01 1.708652e+01 7.672369e+01 2.726657e+01 1.954408e+01 
287 3445 0 0 0 8.485823e+01 8.596741e+01 1.433045e+01 8.292832e+01 8.166465e+01 1.519637e+01 8.962600e+01 5.314550e+01 1.090832e+01 8.458694e+01 3.747434e+01 1.708201e+01 7.672128e+01 2.730201e+01 1.954169e+01 
288 3457 0 0 0 8.487860e+01 8.597184e+01 1.431983e+01 8.292035e+01 8.165882e+01 1.518190e+01 8.959941e+01 5.315903e+01 1.090438e+01 8.457722e+01 3.746498e+01 1.707705e+01 7.671072e+01 2.730456e+01 1.953173e+01 
289 3469 0 0 0 8.490181e+01 8.596944e+01 1.431735e+01 8.291391e+01 8.164116e+01 1.519323e+01 8.959746e+01 5.315764e+01 1.092438e+01 8.457930e+01 3.746904e+01 1.708160e+01 7.670916e+01 2.731724e+01 1.953645e+01 
290 3481 0 0 0 8.491137e+01 8.596167e+01 1.431923e+01 8.291272e+01 8.164258e+01 1.521678e+01 8.960279e+01 5.315496e+01 1.092510e+01 8.456916e+01 3.746699e+01 1.707445e+01 7.670155e+01 2.733271e+01 1.952368e+01 
291 3493 0 0 0 8.492197e+01 8.597870e+01 1.430848e+01 8.292179e+01 8.163305e+01 1.519479e+01 8.960838e+01 5.315531e+01 1.094403e+01 8.456812e+01 3.746382e+01 1.708309e+01 7.673456e+01 2.735609e+01 1.953047e+01 
292 3505 0 0 0 8.490522e+01 8.596525e+01 1.431166e+01 8.293242e+01 8.164047e+01 1.518266e+01 8.960774e+01 5.316563e+01 1.094101e+01 8.455800e+01 3.745835e+01 1.707480e+01 7.671170e+01 2.735394e+01 1.951862e+01 
293 3517 0 0 0 8.489928e+01 8.596694e+01 1.431640e+01 8.294266e+01 8.164728e+01 1.517620e+01 8.960201e+01 5.317875e+01 1.092528e+01 8.455288e+01 3.743781e+01 1.705055e+01 7.671068e+01 2.733473e+01 1.951745e+01 
294 3529 0 0 0 8.491011e+01 8.596497e+01 1.431382e+01 8.294559e+01 8.166055e+01 1.516824e+01 8.958370e+01 5.318288e+01 1.091065e+01 8.454430e+01 3.744049e+01 1.704018e+01 7.670753e+01 2.735700e+01 1.950274e+01 
295 3541 0 0 0 8.490028e+01 8.596906e+01 1.431034e+01 8.295356e+01 8.166235e+01 1.517268e+01 8.958987e+01 5.317984e+01 1.093815e+01 8.456847e+01 3.743951e+01 1.703151e+01 7.672380e+01 2.735814e+01 1.950338e+01 
296 3553 0 0 0 8.490867e+01 8.597129e+01 1.430329e+01 8.296037e+01 8.164665e+01 1.517607e+01 8.956644e+01 5.318196e+01 1.091761e+01 8.455081e+01 3.744156e+01 1.703325e+01 7.672449e+01 2.735599e+01 1.950861e+01 
297 3565 0 0 0 8.491264e+01 8.596835e+01 1.431074e+01 8.296186e+01 8.163896e+01 1.517310e+01 8.955710e+01 5.318683e+01 1.091366e+01 8.454124e+01 3.745113e+01 1.703706e+01 7.674157e+01 2.736049e+01 1.952278e+01 
298 3577 0 0 0 8.493260e+01 8.596024e+01 1.431338e+01 8.294089e+01 8.165108e+01 1.517134e+01 8.955474e+01 5.319459e+01 1.089653e+01 8.454584e+01 3.744212e+01 1.702371e+01 7.673913e+01 2.735891e+01 1.952137e+01 
299 3589 0 0 0 8.493048e+01 8.596699e+01 1.430482e+01 8.295828e+01 8.164429e+01 1.517354e+01 8.953521e+01 5.319694e+01 1.088797e+01 8.454955e+01 3.744888e+01 1.701123e+01 7.674402e+01 2.736011e+01 1.952673e+01 
300 3601 0 0 0 8.492973e+01 8.597412e+01 1.430228e+01 8.295922e+01 8.163863e+01 1.517099e+01 8.953042e+01 5.319267e+01 1.088283e+01 8.454537e+01 3.745943e+01 1.699868e+01 7.674554e+01 2.736381e+01 1.951979e+01 
