%  columns=["iteration, evaluation, sigma, void, void, stds==sigma*sqrt(diag(C))" (startseed=1, 2016/03/24 13:3:32.66)
1 13 2.338159e+00 0 0 2.321702e+00 2.319130e+00 2.319625e+00 2.338970e+00 2.323187e+00 2.328771e+00 2.340395e+00 2.329994e+00 2.323430e+00 2.333510e+00 2.323230e+00 2.362669e+00 2.318855e+00 2.337985e+00 2.337039e+00 
2 25 2.346028e+00 0 0 2.319354e+00 2.315156e+00 2.312203e+00 2.337740e+00 2.364222e+00 2.359723e+00 2.362578e+00 2.321114e+00 2.314412e+00 2.352691e+00 2.361744e+00 2.359880e+00 2.335347e+00 2.341712e+00 2.333931e+00 
3 37 2.354997e+00 0 0 2.310928e+00 2.306601e+00 2.299302e+00 2.333836e+00 2.367460e+00 2.403519e+00 2.377482e+00 2.330236e+00 2.347402e+00 2.350817e+00 2.370726e+00 2.381552e+00 2.330728e+00 2.332935e+00 2.336919e+00 
4 49 2.467953e+00 0 0 2.411955e+00 2.405851e+00 2.396534e+00 2.436942e+00 2.472141e+00 2.548814e+00 2.494238e+00 2.430965e+00 2.487313e+00 2.439314e+00 2.473137e+00 2.512269e+00 2.488388e+00 2.440706e+00 2.454076e+00 
5 61 2.591344e+00 0 0 2.511901e+00 2.518684e+00 2.515601e+00 2.564152e+00 2.605759e+00 2.709532e+00 2.658787e+00 2.544862e+00 2.628100e+00 2.537585e+00 2.607463e+00 2.655204e+00 2.624470e+00 2.548767e+00 2.563914e+00 
6 73 2.627416e+00 0 0 2.534182e+00 2.548369e+00 2.529924e+00 2.588096e+00 2.680205e+00 2.763142e+00 2.701687e+00 2.562628e+00 2.670161e+00 2.599269e+00 2.700780e+00 2.683693e+00 2.659495e+00 2.568371e+00 2.584027e+00 
7 85 2.623142e+00 0 0 2.522379e+00 2.529885e+00 2.516605e+00 2.595125e+00 2.680250e+00 2.748658e+00 2.683986e+00 2.559983e+00 2.661356e+00 2.631171e+00 2.710561e+00 2.663566e+00 2.645501e+00 2.555450e+00 2.567181e+00 
8 97 2.649148e+00 0 0 2.523976e+00 2.536430e+00 2.554416e+00 2.607626e+00 2.737709e+00 2.766930e+00 2.700280e+00 2.575203e+00 2.731422e+00 2.658130e+00 2.728341e+00 2.670210e+00 2.653850e+00 2.563165e+00 2.586939e+00 
9 109 2.594051e+00 0 0 2.455006e+00 2.460485e+00 2.561757e+00 2.544443e+00 2.695524e+00 2.694218e+00 2.637251e+00 2.505545e+00 2.662967e+00 2.590498e+00 2.650495e+00 2.603755e+00 2.583340e+00 2.519778e+00 2.564543e+00 
10 121 2.548850e+00 0 0 2.401245e+00 2.398824e+00 2.555611e+00 2.481270e+00 2.630640e+00 2.632789e+00 2.593144e+00 2.472012e+00 2.601572e+00 2.526808e+00 2.608162e+00 2.541638e+00 2.518934e+00 2.467218e+00 2.515727e+00 
11 133 2.400860e+00 0 0 2.250611e+00 2.248123e+00 2.414309e+00 2.327768e+00 2.466925e+00 2.465835e+00 2.428527e+00 2.317149e+00 2.469532e+00 2.359861e+00 2.445232e+00 2.389447e+00 2.355019e+00 2.308533e+00 2.365120e+00 
12 145 2.367345e+00 0 0 2.204892e+00 2.201398e+00 2.385446e+00 2.291051e+00 2.417889e+00 2.416864e+00 2.386278e+00 2.307326e+00 2.425860e+00 2.335243e+00 2.405900e+00 2.398333e+00 2.302464e+00 2.264562e+00 2.319524e+00 
13 157 2.359326e+00 0 0 2.188862e+00 2.175364e+00 2.374417e+00 2.284367e+00 2.400586e+00 2.397880e+00 2.367708e+00 2.295928e+00 2.423167e+00 2.333990e+00 2.385829e+00 2.417681e+00 2.320382e+00 2.247894e+00 2.308881e+00 
14 169 2.326072e+00 0 0 2.156806e+00 2.171449e+00 2.332656e+00 2.247115e+00 2.352616e+00 2.351809e+00 2.323180e+00 2.260654e+00 2.388098e+00 2.291049e+00 2.336092e+00 2.374290e+00 2.279878e+00 2.202156e+00 2.300781e+00 
15 181 2.292769e+00 0 0 2.141425e+00 2.126158e+00 2.277578e+00 2.192927e+00 2.312136e+00 2.299262e+00 2.299495e+00 2.214583e+00 2.331755e+00 2.248414e+00 2.289079e+00 2.322972e+00 2.248385e+00 2.161642e+00 2.289175e+00 
16 193 2.229975e+00 0 0 2.094734e+00 2.060095e+00 2.199108e+00 2.117286e+00 2.280999e+00 2.214841e+00 2.238553e+00 2.147422e+00 2.247023e+00 2.174351e+00 2.234167e+00 2.286647e+00 2.174701e+00 2.091098e+00 2.217547e+00 
17 205 2.252400e+00 0 0 2.157827e+00 2.064269e+00 2.209321e+00 2.123101e+00 2.291844e+00 2.232752e+00 2.248972e+00 2.177083e+00 2.260472e+00 2.189427e+00 2.255851e+00 2.310443e+00 2.195783e+00 2.106293e+00 2.229370e+00 
18 217 2.196950e+00 0 0 2.102702e+00 2.004139e+00 2.155422e+00 2.068917e+00 2.229531e+00 2.165628e+00 2.184353e+00 2.134765e+00 2.189364e+00 2.121088e+00 2.208356e+00 2.245372e+00 2.124126e+00 2.037625e+00 2.158085e+00 
19 229 2.264923e+00 0 0 2.192715e+00 2.064677e+00 2.206669e+00 2.134808e+00 2.298163e+00 2.229530e+00 2.236650e+00 2.212239e+00 2.307580e+00 2.169229e+00 2.261998e+00 2.317488e+00 2.200914e+00 2.084621e+00 2.229457e+00 
20 241 2.138274e+00 0 0 2.080920e+00 1.938588e+00 2.067690e+00 2.001157e+00 2.164215e+00 2.088738e+00 2.120368e+00 2.072354e+00 2.179985e+00 2.040811e+00 2.125059e+00 2.188049e+00 2.071650e+00 1.959973e+00 2.118894e+00 
21 253 2.024331e+00 0 0 1.988326e+00 1.827871e+00 1.942084e+00 1.892637e+00 2.050740e+00 1.970164e+00 2.001685e+00 1.957135e+00 2.056435e+00 1.931480e+00 2.043803e+00 2.074819e+00 1.952401e+00 1.851599e+00 1.998590e+00 
22 265 2.061912e+00 0 0 2.034296e+00 1.852165e+00 1.962112e+00 1.915172e+00 2.106387e+00 1.996433e+00 2.033325e+00 2.007374e+00 2.098591e+00 1.994996e+00 2.069244e+00 2.107539e+00 1.985268e+00 1.875061e+00 2.021372e+00 
23 277 2.035429e+00 0 0 1.996330e+00 1.838253e+00 1.925335e+00 1.877234e+00 2.076012e+00 1.954002e+00 1.991719e+00 2.000433e+00 2.073251e+00 1.961366e+00 2.078530e+00 2.060081e+00 1.944150e+00 1.843494e+00 1.988589e+00 
24 289 1.986720e+00 0 0 1.953078e+00 1.796322e+00 1.865415e+00 1.820853e+00 2.024813e+00 1.928228e+00 1.928541e+00 1.947083e+00 2.012073e+00 1.907942e+00 2.029058e+00 2.012293e+00 1.893920e+00 1.788393e+00 1.951100e+00 
25 301 1.917181e+00 0 0 1.892479e+00 1.729775e+00 1.785754e+00 1.773790e+00 1.952550e+00 1.846908e+00 1.860187e+00 1.868018e+00 1.924787e+00 1.840322e+00 1.953943e+00 1.937089e+00 1.816783e+00 1.732511e+00 1.876587e+00 
26 313 1.824962e+00 0 0 1.791569e+00 1.649658e+00 1.686285e+00 1.681265e+00 1.846197e+00 1.762701e+00 1.757783e+00 1.785725e+00 1.815074e+00 1.809755e+00 1.871463e+00 1.846678e+00 1.725118e+00 1.636146e+00 1.777376e+00 
27 325 1.733213e+00 0 0 1.687312e+00 1.553177e+00 1.592220e+00 1.591102e+00 1.749983e+00 1.664226e+00 1.692746e+00 1.728073e+00 1.715847e+00 1.715007e+00 1.784109e+00 1.745228e+00 1.627056e+00 1.552720e+00 1.698788e+00 
28 337 1.714557e+00 0 0 1.658573e+00 1.539520e+00 1.562919e+00 1.588515e+00 1.727294e+00 1.637302e+00 1.677610e+00 1.712936e+00 1.690186e+00 1.693629e+00 1.782006e+00 1.733705e+00 1.598775e+00 1.529817e+00 1.688614e+00 
29 349 1.695006e+00 0 0 1.638695e+00 1.525602e+00 1.531826e+00 1.576290e+00 1.711513e+00 1.631955e+00 1.654750e+00 1.699933e+00 1.679332e+00 1.677181e+00 1.753655e+00 1.722451e+00 1.577012e+00 1.501254e+00 1.668898e+00 
30 361 1.719316e+00 0 0 1.650603e+00 1.541301e+00 1.541669e+00 1.620106e+00 1.779629e+00 1.652462e+00 1.666803e+00 1.726517e+00 1.709413e+00 1.692258e+00 1.769287e+00 1.738223e+00 1.592095e+00 1.510915e+00 1.702364e+00 
31 373 1.662988e+00 0 0 1.592717e+00 1.480061e+00 1.483863e+00 1.580458e+00 1.723256e+00 1.604409e+00 1.603366e+00 1.665823e+00 1.655873e+00 1.628140e+00 1.694242e+00 1.670260e+00 1.525539e+00 1.451031e+00 1.633772e+00 
32 385 1.693450e+00 0 0 1.611870e+00 1.493815e+00 1.512409e+00 1.628796e+00 1.777422e+00 1.633251e+00 1.617806e+00 1.692221e+00 1.715879e+00 1.651918e+00 1.716525e+00 1.698810e+00 1.556701e+00 1.470350e+00 1.652119e+00 
33 397 1.763917e+00 0 0 1.666901e+00 1.563330e+00 1.567652e+00 1.705761e+00 1.870827e+00 1.699884e+00 1.692993e+00 1.748179e+00 1.831474e+00 1.707245e+00 1.779074e+00 1.757164e+00 1.643214e+00 1.520464e+00 1.746874e+00 
34 409 1.839827e+00 0 0 1.762088e+00 1.630780e+00 1.629906e+00 1.789537e+00 1.982789e+00 1.780436e+00 1.769920e+00 1.826865e+00 1.919576e+00 1.785575e+00 1.845221e+00 1.828640e+00 1.733995e+00 1.573476e+00 1.806132e+00 
35 421 1.825233e+00 0 0 1.739709e+00 1.617731e+00 1.611954e+00 1.762999e+00 1.987529e+00 1.795905e+00 1.750913e+00 1.814590e+00 1.903745e+00 1.779696e+00 1.830514e+00 1.811399e+00 1.706752e+00 1.558933e+00 1.798869e+00 
36 433 1.794524e+00 0 0 1.705871e+00 1.584730e+00 1.569556e+00 1.728218e+00 1.973959e+00 1.759150e+00 1.706011e+00 1.791159e+00 1.869478e+00 1.744415e+00 1.796871e+00 1.774113e+00 1.666322e+00 1.535444e+00 1.756537e+00 
37 445 1.853946e+00 0 0 1.770803e+00 1.638591e+00 1.609036e+00 1.778789e+00 2.070639e+00 1.812838e+00 1.760154e+00 1.858027e+00 1.922259e+00 1.798915e+00 1.845238e+00 1.819371e+00 1.712005e+00 1.597287e+00 1.831095e+00 
38 457 1.932132e+00 0 0 1.845824e+00 1.691523e+00 1.662002e+00 1.877981e+00 2.162203e+00 1.886239e+00 1.823274e+00 1.932251e+00 1.990313e+00 1.879800e+00 1.911706e+00 1.880158e+00 1.792875e+00 1.721341e+00 1.907202e+00 
39 469 2.008787e+00 0 0 1.918686e+00 1.751255e+00 1.723570e+00 1.954079e+00 2.274062e+00 1.965923e+00 1.889749e+00 2.014068e+00 2.064124e+00 1.957140e+00 2.019633e+00 1.944368e+00 1.869972e+00 1.820884e+00 1.976491e+00 
40 481 2.002886e+00 0 0 1.904528e+00 1.732904e+00 1.711830e+00 1.930849e+00 2.263320e+00 1.952314e+00 1.873359e+00 1.994948e+00 2.048065e+00 1.965810e+00 2.011218e+00 1.924366e+00 1.857188e+00 1.851590e+00 1.958188e+00 
41 493 1.956628e+00 0 0 1.857539e+00 1.689110e+00 1.673437e+00 1.878727e+00 2.198002e+00 1.917535e+00 1.830912e+00 1.942463e+00 1.985502e+00 1.910898e+00 1.985148e+00 1.870852e+00 1.804590e+00 1.810024e+00 1.902273e+00 
42 505 1.871248e+00 0 0 1.770296e+00 1.625999e+00 1.597508e+00 1.783821e+00 2.085423e+00 1.830681e+00 1.739373e+00 1.843296e+00 1.896030e+00 1.813369e+00 1.896219e+00 1.779306e+00 1.718236e+00 1.723365e+00 1.812881e+00 
43 517 1.861833e+00 0 0 1.782406e+00 1.608249e+00 1.583298e+00 1.764064e+00 2.063176e+00 1.843190e+00 1.733511e+00 1.822012e+00 1.870746e+00 1.790360e+00 1.886295e+00 1.772981e+00 1.695291e+00 1.713022e+00 1.801734e+00 
44 529 1.817131e+00 0 0 1.734337e+00 1.561874e+00 1.533167e+00 1.721875e+00 1.999893e+00 1.804458e+00 1.676782e+00 1.771854e+00 1.825039e+00 1.745542e+00 1.827945e+00 1.725398e+00 1.642735e+00 1.682318e+00 1.752298e+00 
45 541 1.815130e+00 0 0 1.726118e+00 1.545651e+00 1.532101e+00 1.759804e+00 1.999650e+00 1.799425e+00 1.665026e+00 1.782818e+00 1.821449e+00 1.741104e+00 1.817555e+00 1.717717e+00 1.634208e+00 1.673063e+00 1.753666e+00 
46 553 1.895281e+00 0 0 1.799224e+00 1.608650e+00 1.589294e+00 1.864581e+00 2.090125e+00 1.901688e+00 1.734560e+00 1.887435e+00 1.906770e+00 1.811331e+00 1.895399e+00 1.781767e+00 1.698221e+00 1.741108e+00 1.823889e+00 
47 565 1.916668e+00 0 0 1.805487e+00 1.610979e+00 1.597246e+00 1.892227e+00 2.111687e+00 1.917714e+00 1.742575e+00 1.911979e+00 1.921919e+00 1.816989e+00 1.902976e+00 1.802601e+00 1.714987e+00 1.761692e+00 1.833273e+00 
48 577 1.945452e+00 0 0 1.816471e+00 1.626045e+00 1.613484e+00 1.930572e+00 2.144788e+00 1.938236e+00 1.770418e+00 1.937527e+00 1.952803e+00 1.835198e+00 1.938218e+00 1.821610e+00 1.755789e+00 1.793268e+00 1.846421e+00 
49 589 1.849643e+00 0 0 1.724690e+00 1.533950e+00 1.527258e+00 1.823041e+00 2.027915e+00 1.832503e+00 1.667539e+00 1.849481e+00 1.846863e+00 1.740915e+00 1.826825e+00 1.724062e+00 1.680463e+00 1.702286e+00 1.743635e+00 
50 601 1.772662e+00 0 0 1.650010e+00 1.463234e+00 1.450256e+00 1.740927e+00 1.927602e+00 1.740343e+00 1.614041e+00 1.763730e+00 1.766277e+00 1.660430e+00 1.748607e+00 1.653921e+00 1.638684e+00 1.624946e+00 1.658865e+00 
51 613 1.676122e+00 0 0 1.588549e+00 1.380828e+00 1.376016e+00 1.638434e+00 1.819155e+00 1.636670e+00 1.512974e+00 1.658243e+00 1.672750e+00 1.584829e+00 1.659400e+00 1.559892e+00 1.545515e+00 1.523652e+00 1.561330e+00 
52 625 1.598512e+00 0 0 1.512830e+00 1.324759e+00 1.304065e+00 1.551842e+00 1.723255e+00 1.559554e+00 1.433014e+00 1.573296e+00 1.586506e+00 1.507999e+00 1.577214e+00 1.480147e+00 1.464258e+00 1.451646e+00 1.475997e+00 
53 637 1.551514e+00 0 0 1.478328e+00 1.281251e+00 1.261659e+00 1.497524e+00 1.661316e+00 1.502547e+00 1.378636e+00 1.514436e+00 1.557737e+00 1.452962e+00 1.524619e+00 1.426264e+00 1.415005e+00 1.402533e+00 1.434796e+00 
54 649 1.465209e+00 0 0 1.406692e+00 1.210641e+00 1.191433e+00 1.404118e+00 1.562518e+00 1.407827e+00 1.294376e+00 1.426325e+00 1.469208e+00 1.368716e+00 1.432148e+00 1.336784e+00 1.330528e+00 1.328462e+00 1.347805e+00 
55 661 1.386340e+00 0 0 1.322784e+00 1.142266e+00 1.123669e+00 1.317575e+00 1.471577e+00 1.325007e+00 1.244724e+00 1.344961e+00 1.383665e+00 1.288594e+00 1.345490e+00 1.259298e+00 1.259098e+00 1.258404e+00 1.269226e+00 
56 673 1.322186e+00 0 0 1.274526e+00 1.097418e+00 1.067041e+00 1.248916e+00 1.392958e+00 1.253478e+00 1.183383e+00 1.271373e+00 1.320595e+00 1.221433e+00 1.274846e+00 1.199514e+00 1.202878e+00 1.193805e+00 1.199966e+00 
57 685 1.336940e+00 0 0 1.297537e+00 1.117375e+00 1.079319e+00 1.260165e+00 1.405780e+00 1.274300e+00 1.187597e+00 1.276458e+00 1.354110e+00 1.234870e+00 1.283962e+00 1.210604e+00 1.270410e+00 1.197479e+00 1.220123e+00 
58 697 1.353471e+00 0 0 1.330597e+00 1.124323e+00 1.090830e+00 1.267889e+00 1.411843e+00 1.284566e+00 1.208370e+00 1.281841e+00 1.367005e+00 1.241415e+00 1.298809e+00 1.238513e+00 1.285408e+00 1.211965e+00 1.249190e+00 
59 709 1.376066e+00 0 0 1.360302e+00 1.133667e+00 1.099479e+00 1.306124e+00 1.429248e+00 1.295908e+00 1.245644e+00 1.295584e+00 1.380907e+00 1.253996e+00 1.339993e+00 1.264714e+00 1.311014e+00 1.235568e+00 1.267246e+00 
60 721 1.393810e+00 0 0 1.396019e+00 1.162642e+00 1.112680e+00 1.325751e+00 1.440866e+00 1.307005e+00 1.272986e+00 1.313395e+00 1.388900e+00 1.266952e+00 1.360930e+00 1.283715e+00 1.321449e+00 1.243457e+00 1.283692e+00 
61 733 1.376189e+00 0 0 1.393327e+00 1.149276e+00 1.099238e+00 1.306002e+00 1.412062e+00 1.288227e+00 1.253937e+00 1.298692e+00 1.369373e+00 1.240869e+00 1.343198e+00 1.264293e+00 1.292758e+00 1.237424e+00 1.257868e+00 
62 745 1.253552e+00 0 0 1.287098e+00 1.036214e+00 9.997372e-01 1.190828e+00 1.276026e+00 1.161799e+00 1.139078e+00 1.179807e+00 1.238675e+00 1.124019e+00 1.228798e+00 1.144824e+00 1.173778e+00 1.129147e+00 1.140755e+00 
63 757 1.195950e+00 0 0 1.221913e+00 9.826066e-01 9.478656e-01 1.141117e+00 1.220753e+00 1.128454e+00 1.088585e+00 1.116947e+00 1.177612e+00 1.075539e+00 1.174397e+00 1.082980e+00 1.135882e+00 1.068797e+00 1.083614e+00 
64 769 1.174448e+00 0 0 1.200403e+00 9.595762e-01 9.246741e-01 1.117522e+00 1.195375e+00 1.110690e+00 1.062509e+00 1.098563e+00 1.180351e+00 1.050900e+00 1.151886e+00 1.067570e+00 1.113241e+00 1.055752e+00 1.061928e+00 
65 781 1.184000e+00 0 0 1.213005e+00 9.592015e-01 9.265727e-01 1.122684e+00 1.202254e+00 1.119620e+00 1.067176e+00 1.101825e+00 1.212338e+00 1.057291e+00 1.159286e+00 1.073209e+00 1.116041e+00 1.071091e+00 1.077864e+00 
66 793 1.199643e+00 0 0 1.221437e+00 9.774989e-01 9.450287e-01 1.131971e+00 1.222468e+00 1.129522e+00 1.078027e+00 1.109656e+00 1.232852e+00 1.084376e+00 1.168628e+00 1.085804e+00 1.137468e+00 1.085717e+00 1.098350e+00 
67 805 1.130354e+00 0 0 1.143026e+00 9.150452e-01 8.869636e-01 1.059779e+00 1.142918e+00 1.057277e+00 1.009975e+00 1.041386e+00 1.164861e+00 1.017741e+00 1.096393e+00 1.023213e+00 1.072071e+00 1.019494e+00 1.025438e+00 
68 817 1.140266e+00 0 0 1.148459e+00 9.174842e-01 8.903985e-01 1.092926e+00 1.153278e+00 1.064784e+00 1.012320e+00 1.043484e+00 1.176649e+00 1.034139e+00 1.097924e+00 1.024444e+00 1.083107e+00 1.028433e+00 1.045360e+00 
69 829 1.123096e+00 0 0 1.127157e+00 9.013779e-01 8.805366e-01 1.076752e+00 1.130070e+00 1.048663e+00 9.989384e-01 1.018413e+00 1.151239e+00 1.019330e+00 1.075110e+00 1.025781e+00 1.072588e+00 1.020309e+00 1.024130e+00 
70 841 1.099785e+00 0 0 1.096623e+00 8.760756e-01 8.613424e-01 1.047548e+00 1.099937e+00 1.023409e+00 9.746061e-01 9.915223e-01 1.129102e+00 9.967652e-01 1.056478e+00 1.009688e+00 1.042202e+00 9.989436e-01 1.001589e+00 
71 853 1.057389e+00 0 0 1.051885e+00 8.390132e-01 8.231317e-01 1.016511e+00 1.058881e+00 9.851549e-01 9.333429e-01 9.577677e-01 1.075885e+00 9.552080e-01 1.017149e+00 9.699508e-01 9.994744e-01 9.550007e-01 9.566319e-01 
72 865 1.000781e+00 0 0 9.904210e-01 7.902137e-01 7.764819e-01 9.602558e-01 1.018619e+00 9.358731e-01 8.838466e-01 9.010910e-01 1.015721e+00 9.175696e-01 9.610535e-01 9.151178e-01 9.433282e-01 8.986779e-01 8.978943e-01 
73 877 1.000594e+00 0 0 9.882875e-01 7.922830e-01 7.729711e-01 9.650854e-01 1.031317e+00 9.482706e-01 8.815844e-01 9.160723e-01 1.054133e+00 9.151102e-01 9.526608e-01 9.098827e-01 9.421528e-01 8.940784e-01 8.896865e-01 
74 889 9.848281e-01 0 0 9.765817e-01 7.769827e-01 7.569917e-01 9.551987e-01 1.016271e+00 9.379645e-01 8.782048e-01 9.065581e-01 1.038189e+00 8.958172e-01 9.322897e-01 8.899924e-01 9.381081e-01 8.815673e-01 8.775144e-01 
75 901 9.712498e-01 0 0 9.590120e-01 7.594752e-01 7.410141e-01 9.357689e-01 9.964107e-01 9.208900e-01 8.724277e-01 8.993899e-01 1.016538e+00 8.859680e-01 9.206699e-01 8.755729e-01 9.291341e-01 8.660137e-01 8.599554e-01 
76 913 9.432635e-01 0 0 9.309872e-01 7.331969e-01 7.160730e-01 9.052364e-01 9.657679e-01 8.991139e-01 8.448622e-01 8.669294e-01 9.814296e-01 8.618281e-01 8.859583e-01 8.454088e-01 8.994499e-01 8.373922e-01 8.315496e-01 
77 925 9.176824e-01 0 0 9.062864e-01 7.081428e-01 6.967680e-01 8.756945e-01 9.342625e-01 8.720655e-01 8.278728e-01 8.448540e-01 9.457034e-01 8.301795e-01 8.545496e-01 8.187248e-01 8.737193e-01 8.168788e-01 8.045814e-01 
78 937 9.087843e-01 0 0 8.914910e-01 6.992309e-01 6.870020e-01 8.729627e-01 9.240859e-01 8.588187e-01 8.319289e-01 8.320407e-01 9.287595e-01 8.239468e-01 8.468056e-01 8.061575e-01 8.585260e-01 8.076309e-01 7.940632e-01 
79 949 9.337234e-01 0 0 9.151958e-01 7.238914e-01 7.078791e-01 8.923736e-01 9.408114e-01 8.778992e-01 8.650115e-01 8.627364e-01 9.458925e-01 8.501089e-01 8.708212e-01 8.290855e-01 8.746198e-01 8.385323e-01 8.096881e-01 
80 961 9.402910e-01 0 0 9.140260e-01 7.300782e-01 7.083320e-01 8.968072e-01 9.567200e-01 8.769597e-01 8.738294e-01 8.717019e-01 9.499922e-01 8.550434e-01 8.695141e-01 8.342968e-01 8.847110e-01 8.406517e-01 8.112384e-01 
81 973 9.360777e-01 0 0 9.032643e-01 7.254523e-01 7.054705e-01 8.879302e-01 9.642808e-01 8.653969e-01 8.689494e-01 8.733854e-01 9.443463e-01 8.435348e-01 8.675568e-01 8.256036e-01 8.795599e-01 8.326956e-01 8.013261e-01 
82 985 9.731774e-01 0 0 9.325394e-01 7.573325e-01 7.272632e-01 9.196245e-01 1.012675e+00 8.986438e-01 9.137663e-01 9.278774e-01 9.995805e-01 8.725516e-01 8.987102e-01 8.545467e-01 9.076881e-01 8.673588e-01 8.306353e-01 
83 997 9.873142e-01 0 0 9.383624e-01 7.625331e-01 7.305391e-01 9.276207e-01 1.037995e+00 9.170800e-01 9.259050e-01 9.504397e-01 1.034019e+00 8.831163e-01 9.088098e-01 8.598484e-01 9.177073e-01 8.780542e-01 8.385080e-01 
84 1009 9.499635e-01 0 0 8.986544e-01 7.283687e-01 7.024073e-01 8.845133e-01 9.900942e-01 8.803400e-01 8.942691e-01 9.120998e-01 1.005594e+00 8.452099e-01 8.675702e-01 8.209522e-01 8.828230e-01 8.425960e-01 8.000032e-01 
85 1021 9.567399e-01 0 0 8.972671e-01 7.284735e-01 7.060851e-01 8.833477e-01 9.887817e-01 8.800441e-01 9.084423e-01 9.188345e-01 1.008776e+00 8.513042e-01 8.815154e-01 8.232640e-01 8.900553e-01 8.440872e-01 8.007711e-01 
86 1033 9.647884e-01 0 0 8.983807e-01 7.294951e-01 7.139002e-01 8.886330e-01 9.970277e-01 8.995045e-01 9.197274e-01 9.217699e-01 1.016054e+00 8.546935e-01 8.970881e-01 8.236564e-01 8.993924e-01 8.453382e-01 8.071247e-01 
87 1045 9.779306e-01 0 0 9.095029e-01 7.372835e-01 7.190066e-01 8.920831e-01 1.029499e+00 9.127882e-01 9.312166e-01 9.272137e-01 1.025692e+00 8.599690e-01 9.076058e-01 8.301332e-01 9.088382e-01 8.507028e-01 8.155341e-01 
88 1057 9.426091e-01 0 0 8.700698e-01 7.122814e-01 6.907116e-01 8.527574e-01 9.981213e-01 8.790045e-01 8.941138e-01 8.890975e-01 9.845070e-01 8.275703e-01 8.695007e-01 8.004379e-01 8.701719e-01 8.147596e-01 7.829549e-01 
89 1069 9.002484e-01 0 0 8.239512e-01 6.852056e-01 6.599897e-01 8.073167e-01 9.509682e-01 8.318974e-01 8.457319e-01 8.450738e-01 9.464974e-01 7.928505e-01 8.288059e-01 7.581473e-01 8.406589e-01 7.716300e-01 7.413325e-01 
90 1081 8.744159e-01 0 0 8.036990e-01 6.764331e-01 6.393980e-01 7.789528e-01 9.184648e-01 8.186681e-01 8.224022e-01 8.180900e-01 9.146727e-01 7.657393e-01 7.976293e-01 7.304671e-01 8.132265e-01 7.460045e-01 7.159181e-01 
91 1093 8.874430e-01 0 0 8.184757e-01 6.877009e-01 6.585606e-01 7.912399e-01 9.322578e-01 8.275687e-01 8.336889e-01 8.296576e-01 9.215499e-01 7.759404e-01 8.066892e-01 7.346487e-01 8.225267e-01 7.545073e-01 7.213182e-01 
92 1105 9.193211e-01 0 0 8.563802e-01 7.132516e-01 6.859191e-01 8.147619e-01 9.648759e-01 8.696496e-01 8.639114e-01 8.540591e-01 9.629374e-01 8.095912e-01 8.282341e-01 7.574282e-01 8.474789e-01 7.796701e-01 7.441201e-01 
93 1117 9.293001e-01 0 0 8.852814e-01 7.257905e-01 6.972747e-01 8.193657e-01 9.689326e-01 8.747360e-01 8.714142e-01 8.713391e-01 9.829387e-01 8.161533e-01 8.387051e-01 7.641519e-01 8.503370e-01 7.870413e-01 7.457216e-01 
94 1129 8.696301e-01 0 0 8.318615e-01 6.824095e-01 6.496679e-01 7.621902e-01 9.036189e-01 8.113781e-01 8.119624e-01 8.177720e-01 9.112245e-01 7.743680e-01 7.777604e-01 7.099334e-01 7.907662e-01 7.353753e-01 6.919367e-01 
95 1141 8.174575e-01 0 0 7.833118e-01 6.390268e-01 6.131043e-01 7.120433e-01 8.421985e-01 7.634499e-01 7.618047e-01 7.638743e-01 8.586992e-01 7.268295e-01 7.306889e-01 6.651590e-01 7.391172e-01 6.888948e-01 6.510204e-01 
96 1153 7.933255e-01 0 0 7.595272e-01 6.154547e-01 5.938962e-01 6.848886e-01 8.156432e-01 7.407606e-01 7.346110e-01 7.489494e-01 8.305116e-01 7.023118e-01 7.149639e-01 6.473594e-01 7.124428e-01 6.727863e-01 6.276122e-01 
97 1165 8.142556e-01 0 0 7.751843e-01 6.308023e-01 6.113121e-01 6.989690e-01 8.648092e-01 7.550143e-01 7.510878e-01 7.639128e-01 8.500484e-01 7.298668e-01 7.309948e-01 6.583503e-01 7.393588e-01 6.964110e-01 6.406301e-01 
98 1177 8.405413e-01 0 0 7.971353e-01 6.455799e-01 6.306369e-01 7.151976e-01 9.229026e-01 7.770514e-01 7.713833e-01 7.846647e-01 8.894894e-01 7.510069e-01 7.492881e-01 6.732990e-01 7.587702e-01 7.233235e-01 6.568654e-01 
99 1189 8.476256e-01 0 0 8.016440e-01 6.466067e-01 6.308648e-01 7.240360e-01 9.396488e-01 7.822682e-01 7.750585e-01 7.951808e-01 9.073011e-01 7.552100e-01 7.516655e-01 6.854434e-01 7.622223e-01 7.254423e-01 6.570068e-01 
100 1201 8.323853e-01 0 0 7.813606e-01 6.290004e-01 6.160587e-01 7.086510e-01 9.238779e-01 7.656264e-01 7.554295e-01 7.789044e-01 8.940772e-01 7.411767e-01 7.363486e-01 6.695327e-01 7.456233e-01 7.097098e-01 6.516329e-01 
101 1213 8.185225e-01 0 0 7.645890e-01 6.158819e-01 6.007948e-01 6.916274e-01 9.047573e-01 7.452474e-01 7.520820e-01 7.630964e-01 8.790707e-01 7.286852e-01 7.235401e-01 6.575410e-01 7.342058e-01 6.961534e-01 6.393648e-01 
102 1225 8.256654e-01 0 0 7.660438e-01 6.173944e-01 6.047022e-01 6.941721e-01 9.131195e-01 7.503011e-01 7.596809e-01 7.639834e-01 8.841219e-01 7.435859e-01 7.272554e-01 6.593877e-01 7.367573e-01 6.957147e-01 6.411775e-01 
103 1237 7.985691e-01 0 0 7.362556e-01 6.046953e-01 5.830531e-01 6.693591e-01 8.850345e-01 7.198799e-01 7.358197e-01 7.393765e-01 8.481611e-01 7.213195e-01 7.058129e-01 6.367387e-01 7.108119e-01 6.695946e-01 6.230205e-01 
104 1249 8.349773e-01 0 0 7.627451e-01 6.494446e-01 6.061976e-01 6.998812e-01 9.240989e-01 7.521283e-01 7.687327e-01 7.710679e-01 8.801337e-01 7.603671e-01 7.327401e-01 6.613085e-01 7.372740e-01 7.001028e-01 6.565030e-01 
105 1261 8.492067e-01 0 0 7.735918e-01 6.707763e-01 6.117706e-01 7.176593e-01 9.370652e-01 7.670362e-01 7.797315e-01 7.818028e-01 8.907506e-01 7.739193e-01 7.393789e-01 6.676055e-01 7.538340e-01 7.098768e-01 6.669286e-01 
106 1273 9.287674e-01 0 0 8.597408e-01 7.400712e-01 6.633580e-01 7.853274e-01 1.016068e+00 8.361123e-01 8.703135e-01 8.572036e-01 9.826911e-01 8.452482e-01 8.055199e-01 7.256606e-01 8.301222e-01 7.722755e-01 7.376486e-01 
107 1285 9.778687e-01 0 0 9.021849e-01 7.796228e-01 6.964283e-01 8.341761e-01 1.068295e+00 8.738359e-01 9.228573e-01 8.977497e-01 1.047174e+00 8.889475e-01 8.611700e-01 7.584678e-01 8.712715e-01 8.110965e-01 7.774779e-01 
108 1297 9.929012e-01 0 0 9.262545e-01 7.889370e-01 7.123804e-01 8.485844e-01 1.083543e+00 8.840748e-01 9.462710e-01 9.110943e-01 1.064249e+00 8.969586e-01 8.706167e-01 7.648812e-01 8.852949e-01 8.213685e-01 7.934977e-01 
109 1309 9.987709e-01 0 0 9.285504e-01 7.927239e-01 7.120991e-01 8.618631e-01 1.090540e+00 8.824732e-01 9.537012e-01 9.094152e-01 1.079357e+00 8.962519e-01 8.721774e-01 7.628024e-01 8.877834e-01 8.228797e-01 7.932909e-01 
110 1321 9.950552e-01 0 0 9.404169e-01 7.876241e-01 7.123146e-01 8.611371e-01 1.082276e+00 8.759265e-01 9.432410e-01 9.021536e-01 1.073410e+00 8.914350e-01 8.640916e-01 7.534486e-01 8.812959e-01 8.333555e-01 7.905866e-01 
111 1333 9.841221e-01 0 0 9.254010e-01 7.850284e-01 6.989480e-01 8.574988e-01 1.071728e+00 8.649137e-01 9.253955e-01 8.896779e-01 1.067689e+00 8.758301e-01 8.473458e-01 7.384537e-01 8.662530e-01 8.396861e-01 7.788078e-01 
112 1345 9.896750e-01 0 0 9.246106e-01 7.907766e-01 6.989399e-01 8.580710e-01 1.071090e+00 8.624503e-01 9.333906e-01 8.886960e-01 1.073031e+00 8.795345e-01 8.562467e-01 7.390337e-01 8.656943e-01 8.523388e-01 7.777243e-01 
113 1357 9.899530e-01 0 0 9.243432e-01 7.867472e-01 6.976550e-01 8.548816e-01 1.070153e+00 8.544676e-01 9.311227e-01 8.899046e-01 1.070072e+00 9.046668e-01 8.603511e-01 7.349246e-01 8.591543e-01 8.485991e-01 7.784040e-01 
114 1369 9.847019e-01 0 0 9.204861e-01 7.836755e-01 6.923290e-01 8.454446e-01 1.062842e+00 8.470410e-01 9.203720e-01 8.805878e-01 1.082470e+00 8.986778e-01 8.513593e-01 7.379582e-01 8.544460e-01 8.389822e-01 7.774119e-01 
115 1381 9.376040e-01 0 0 8.720016e-01 7.431553e-01 6.580717e-01 7.990782e-01 1.009000e+00 8.012653e-01 8.740292e-01 8.336001e-01 1.026549e+00 8.530054e-01 8.046348e-01 7.052098e-01 8.067671e-01 7.930449e-01 7.410780e-01 
116 1393 9.786657e-01 0 0 9.110054e-01 7.766217e-01 7.055824e-01 8.328260e-01 1.056322e+00 8.302298e-01 9.102084e-01 8.731256e-01 1.067874e+00 8.859581e-01 8.412046e-01 7.373334e-01 8.365478e-01 8.322450e-01 7.699478e-01 
117 1405 9.931249e-01 0 0 9.466008e-01 7.841464e-01 7.254858e-01 8.506785e-01 1.070135e+00 8.351981e-01 9.224189e-01 8.845818e-01 1.075518e+00 8.905716e-01 8.503023e-01 7.525576e-01 8.423869e-01 8.419633e-01 7.782640e-01 
118 1417 9.499312e-01 0 0 9.066692e-01 7.446817e-01 6.973334e-01 8.156677e-01 1.015774e+00 7.945546e-01 8.828957e-01 8.423417e-01 1.023196e+00 8.476688e-01 8.085359e-01 7.163237e-01 8.016761e-01 8.036807e-01 7.399084e-01 
119 1429 9.446339e-01 0 0 8.998460e-01 7.336045e-01 6.885128e-01 8.139031e-01 1.019504e+00 7.912606e-01 8.766067e-01 8.326454e-01 1.011868e+00 8.381231e-01 8.025243e-01 7.156909e-01 7.991286e-01 7.984846e-01 7.303229e-01 
120 1441 9.569075e-01 0 0 9.079204e-01 7.384244e-01 6.982806e-01 8.193419e-01 1.028764e+00 8.001306e-01 8.917105e-01 8.395543e-01 1.023004e+00 8.475033e-01 8.140094e-01 7.223912e-01 8.065982e-01 8.190810e-01 7.357472e-01 
121 1453 9.860556e-01 0 0 9.332529e-01 7.539978e-01 7.128470e-01 8.445072e-01 1.073660e+00 8.186148e-01 9.170992e-01 8.644448e-01 1.054188e+00 8.659675e-01 8.518850e-01 7.395020e-01 8.284060e-01 8.617916e-01 7.520985e-01 
122 1465 1.037910e+00 0 0 9.764384e-01 7.898422e-01 7.465249e-01 8.931542e-01 1.135435e+00 8.633271e-01 9.575430e-01 9.028556e-01 1.119646e+00 9.057232e-01 8.906943e-01 7.758885e-01 8.710461e-01 9.202091e-01 7.999184e-01 
123 1477 1.072850e+00 0 0 1.003260e+00 8.086637e-01 7.677649e-01 9.269724e-01 1.178578e+00 8.985127e-01 9.855618e-01 9.362771e-01 1.156380e+00 9.490582e-01 9.274757e-01 8.122253e-01 8.947971e-01 9.769073e-01 8.308117e-01 
124 1489 1.058194e+00 0 0 9.865912e-01 7.942744e-01 7.603937e-01 9.167598e-01 1.161993e+00 8.856326e-01 9.719596e-01 9.220744e-01 1.134725e+00 9.319685e-01 9.083715e-01 7.951816e-01 8.793639e-01 9.646353e-01 8.217546e-01 
125 1501 1.025440e+00 0 0 9.499254e-01 7.716415e-01 7.357325e-01 9.032491e-01 1.125949e+00 8.656906e-01 9.377508e-01 8.903331e-01 1.097632e+00 8.985655e-01 8.761529e-01 7.744732e-01 8.516414e-01 9.308780e-01 7.919542e-01 
126 1513 9.631367e-01 0 0 9.021345e-01 7.295788e-01 6.881772e-01 8.449431e-01 1.057854e+00 8.220441e-01 8.731505e-01 8.294252e-01 1.030863e+00 8.395841e-01 8.174556e-01 7.231812e-01 7.940645e-01 8.700686e-01 7.383969e-01 
127 1525 9.144322e-01 0 0 8.532465e-01 6.893108e-01 6.490048e-01 8.054364e-01 9.995533e-01 7.794138e-01 8.300379e-01 7.802899e-01 9.806825e-01 7.917449e-01 7.719084e-01 6.880197e-01 7.473172e-01 8.236901e-01 6.966817e-01 
128 1537 8.266911e-01 0 0 7.662670e-01 6.193990e-01 5.820701e-01 7.234073e-01 8.985796e-01 7.009554e-01 7.461180e-01 7.014272e-01 8.796131e-01 7.141125e-01 6.981075e-01 6.188697e-01 6.691990e-01 7.395774e-01 6.251565e-01 
129 1549 7.660459e-01 0 0 7.058207e-01 5.767628e-01 5.356410e-01 6.744161e-01 8.272304e-01 6.440878e-01 6.980185e-01 6.446142e-01 8.099464e-01 6.579365e-01 6.459792e-01 5.739719e-01 6.177595e-01 6.829618e-01 5.772665e-01 
130 1561 7.023991e-01 0 0 6.412880e-01 5.273527e-01 4.880369e-01 6.146596e-01 7.605041e-01 5.879712e-01 6.364964e-01 5.902981e-01 7.381874e-01 6.070920e-01 5.876744e-01 5.286734e-01 5.642622e-01 6.233128e-01 5.274112e-01 
131 1573 6.755662e-01 0 0 6.114517e-01 5.048135e-01 4.655737e-01 5.885995e-01 7.292086e-01 5.649245e-01 6.094491e-01 5.633331e-01 7.063445e-01 5.823457e-01 5.615853e-01 5.116084e-01 5.382909e-01 5.952942e-01 5.067699e-01 
132 1585 6.452149e-01 0 0 5.825176e-01 4.813230e-01 4.413016e-01 5.587016e-01 6.934025e-01 5.414453e-01 5.811464e-01 5.333422e-01 6.726090e-01 5.589239e-01 5.380051e-01 4.891321e-01 5.097908e-01 5.665408e-01 4.823547e-01 
133 1597 6.392936e-01 0 0 5.730224e-01 4.732328e-01 4.332238e-01 5.572831e-01 6.841794e-01 5.332852e-01 5.740354e-01 5.296291e-01 6.674240e-01 5.532957e-01 5.328781e-01 4.879220e-01 5.015152e-01 5.631883e-01 4.753066e-01 
134 1609 6.162100e-01 0 0 5.497548e-01 4.524825e-01 4.158788e-01 5.399323e-01 6.572005e-01 5.094934e-01 5.517746e-01 5.120413e-01 6.432346e-01 5.372527e-01 5.104523e-01 4.677730e-01 4.823821e-01 5.415643e-01 4.546706e-01 
135 1621 6.001736e-01 0 0 5.343686e-01 4.366297e-01 4.027879e-01 5.217258e-01 6.406757e-01 4.933892e-01 5.405480e-01 4.984273e-01 6.219048e-01 5.239325e-01 4.986248e-01 4.563161e-01 4.693574e-01 5.283205e-01 4.394564e-01 
136 1633 5.838942e-01 0 0 5.235928e-01 4.219769e-01 3.910496e-01 5.053546e-01 6.228521e-01 4.825286e-01 5.267809e-01 4.832067e-01 6.119893e-01 5.138853e-01 4.832143e-01 4.411629e-01 4.564962e-01 5.095375e-01 4.253270e-01 
137 1645 6.142507e-01 0 0 5.565224e-01 4.451274e-01 4.141354e-01 5.327130e-01 6.585270e-01 5.043950e-01 5.665526e-01 5.064659e-01 6.568879e-01 5.640962e-01 5.042465e-01 4.638659e-01 4.787605e-01 5.330489e-01 4.499684e-01 
138 1657 6.462033e-01 0 0 5.866191e-01 4.691527e-01 4.364081e-01 5.557050e-01 6.920743e-01 5.311588e-01 6.063127e-01 5.297530e-01 7.040011e-01 6.053274e-01 5.257463e-01 4.855536e-01 5.027827e-01 5.608471e-01 4.749042e-01 
139 1669 6.334596e-01 0 0 5.711532e-01 4.579038e-01 4.253684e-01 5.405606e-01 6.836795e-01 5.170746e-01 5.940548e-01 5.179941e-01 6.954060e-01 5.971109e-01 5.191574e-01 4.730281e-01 4.939344e-01 5.469003e-01 4.692941e-01 
140 1681 6.244364e-01 0 0 5.643844e-01 4.483722e-01 4.176875e-01 5.313049e-01 6.851407e-01 5.100000e-01 5.883816e-01 5.094727e-01 6.830476e-01 5.915018e-01 5.114117e-01 4.624572e-01 4.859449e-01 5.374726e-01 4.615992e-01 
141 1693 6.474219e-01 0 0 6.022613e-01 4.640414e-01 4.363795e-01 5.473347e-01 7.094474e-01 5.250877e-01 6.058199e-01 5.235849e-01 7.263737e-01 6.093264e-01 5.257486e-01 4.773821e-01 5.001097e-01 5.522479e-01 4.756639e-01 
142 1705 6.682841e-01 0 0 6.221541e-01 4.750644e-01 4.505133e-01 5.625163e-01 7.337328e-01 5.432635e-01 6.257042e-01 5.428824e-01 7.540168e-01 6.256137e-01 5.414215e-01 4.886442e-01 5.139012e-01 5.715424e-01 4.897251e-01 
143 1717 6.464889e-01 0 0 5.971551e-01 4.582805e-01 4.330104e-01 5.420624e-01 7.094264e-01 5.213711e-01 6.025786e-01 5.243193e-01 7.371056e-01 6.023575e-01 5.253845e-01 4.721653e-01 4.953371e-01 5.509219e-01 4.721008e-01 
144 1729 6.112811e-01 0 0 5.598612e-01 4.333870e-01 4.059218e-01 5.091810e-01 6.672167e-01 4.890724e-01 5.654407e-01 4.923023e-01 6.942750e-01 5.674306e-01 4.949635e-01 4.425143e-01 4.639401e-01 5.195866e-01 4.429692e-01 
145 1741 6.079227e-01 0 0 5.572764e-01 4.280972e-01 4.001894e-01 5.016217e-01 6.623803e-01 4.849069e-01 5.707090e-01 4.861280e-01 6.861737e-01 5.640034e-01 4.908038e-01 4.387390e-01 4.606511e-01 5.306899e-01 4.426451e-01 
146 1753 6.001868e-01 0 0 5.536587e-01 4.196851e-01 4.009437e-01 4.906276e-01 6.485994e-01 4.751247e-01 5.610391e-01 4.795181e-01 6.811387e-01 5.590349e-01 4.827226e-01 4.344250e-01 4.544623e-01 5.230487e-01 4.347181e-01 
147 1765 6.092929e-01 0 0 5.674673e-01 4.243713e-01 4.052528e-01 4.947306e-01 6.546706e-01 4.802741e-01 5.698929e-01 4.875339e-01 6.943560e-01 5.645488e-01 4.947956e-01 4.409881e-01 4.575894e-01 5.316801e-01 4.402844e-01 
148 1777 6.405505e-01 0 0 6.109161e-01 4.433407e-01 4.243219e-01 5.200212e-01 6.930796e-01 5.017972e-01 6.005004e-01 5.113469e-01 7.339418e-01 5.997777e-01 5.174144e-01 4.608608e-01 4.853721e-01 5.704320e-01 4.727088e-01 
149 1789 6.716037e-01 0 0 6.549398e-01 4.661220e-01 4.468281e-01 5.433058e-01 7.196013e-01 5.251877e-01 6.308252e-01 5.326751e-01 7.711467e-01 6.279264e-01 5.389227e-01 4.864852e-01 5.100398e-01 6.043957e-01 4.972402e-01 
150 1801 6.989428e-01 0 0 6.853849e-01 4.876862e-01 4.705915e-01 5.610395e-01 7.467998e-01 5.440718e-01 6.597346e-01 5.525757e-01 7.980138e-01 6.539986e-01 5.586376e-01 5.037056e-01 5.316442e-01 6.429276e-01 5.267918e-01 
151 1813 7.180825e-01 0 0 7.052233e-01 4.976145e-01 4.848719e-01 5.728216e-01 7.642037e-01 5.552397e-01 6.802645e-01 5.650657e-01 8.164733e-01 6.698044e-01 5.824751e-01 5.180252e-01 5.471197e-01 6.659056e-01 5.397985e-01 
152 1825 7.272818e-01 0 0 7.179638e-01 5.028868e-01 4.903892e-01 5.864164e-01 7.679408e-01 5.607266e-01 6.986855e-01 5.731533e-01 8.259457e-01 6.824411e-01 5.880264e-01 5.226366e-01 5.511155e-01 6.732671e-01 5.457866e-01 
153 1837 7.220714e-01 0 0 7.247786e-01 4.983378e-01 4.822518e-01 5.823058e-01 7.668826e-01 5.588304e-01 7.062956e-01 5.665941e-01 8.233853e-01 6.831836e-01 5.791899e-01 5.174546e-01 5.439517e-01 6.666563e-01 5.446645e-01 
154 1849 7.442400e-01 0 0 7.477017e-01 5.086982e-01 4.940328e-01 6.267526e-01 7.882427e-01 5.751927e-01 7.346242e-01 5.884305e-01 8.478479e-01 7.047166e-01 6.017647e-01 5.312521e-01 5.567347e-01 6.849939e-01 5.608619e-01 
155 1861 7.465075e-01 0 0 7.543790e-01 5.105903e-01 4.923029e-01 6.465647e-01 7.888572e-01 5.760042e-01 7.383489e-01 5.860591e-01 8.497154e-01 7.032600e-01 5.988031e-01 5.336742e-01 5.566062e-01 6.879955e-01 5.598465e-01 
156 1873 7.489932e-01 0 0 7.672476e-01 5.106575e-01 4.905323e-01 6.622346e-01 7.917005e-01 5.813699e-01 7.386805e-01 5.856941e-01 8.443339e-01 7.081866e-01 5.961820e-01 5.395273e-01 5.534758e-01 6.882735e-01 5.578275e-01 
157 1885 7.368861e-01 0 0 7.566308e-01 4.990356e-01 4.810457e-01 6.561101e-01 7.754617e-01 5.743919e-01 7.270727e-01 5.731792e-01 8.259867e-01 6.951154e-01 6.021938e-01 5.283726e-01 5.422161e-01 6.721353e-01 5.458055e-01 
158 1897 7.255004e-01 0 0 7.440282e-01 4.903948e-01 4.737935e-01 6.436718e-01 7.567422e-01 5.626230e-01 7.142096e-01 5.632947e-01 8.089793e-01 6.813124e-01 5.921654e-01 5.184833e-01 5.304539e-01 6.602979e-01 5.377877e-01 
159 1909 6.985240e-01 0 0 7.103557e-01 4.689888e-01 4.543640e-01 6.187675e-01 7.291321e-01 5.405984e-01 6.845951e-01 5.381450e-01 7.743649e-01 6.529676e-01 5.722737e-01 4.971450e-01 5.157493e-01 6.310264e-01 5.177940e-01 
160 1921 6.952011e-01 0 0 7.052159e-01 4.724236e-01 4.482265e-01 6.175316e-01 7.293567e-01 5.357516e-01 6.769397e-01 5.364548e-01 7.662480e-01 6.503419e-01 5.658779e-01 4.992759e-01 5.133257e-01 6.246231e-01 5.151971e-01 
161 1933 6.915579e-01 0 0 6.971694e-01 4.677145e-01 4.428634e-01 6.149696e-01 7.207506e-01 5.298112e-01 6.684007e-01 5.310238e-01 7.602891e-01 6.451102e-01 5.578579e-01 5.026068e-01 5.093771e-01 6.203753e-01 5.106753e-01 
162 1945 6.788301e-01 0 0 6.799301e-01 4.601344e-01 4.318497e-01 5.990723e-01 7.078376e-01 5.187781e-01 6.537068e-01 5.221725e-01 7.422857e-01 6.325677e-01 5.442311e-01 4.985848e-01 5.031768e-01 6.041301e-01 4.978069e-01 
163 1957 6.616537e-01 0 0 6.560673e-01 4.449694e-01 4.203805e-01 5.792353e-01 6.843308e-01 5.034855e-01 6.349833e-01 5.052989e-01 7.188295e-01 6.148332e-01 5.287972e-01 4.863153e-01 4.914444e-01 5.879539e-01 4.819458e-01 
164 1969 6.756574e-01 0 0 6.662113e-01 4.519140e-01 4.277165e-01 5.918164e-01 6.948636e-01 5.167997e-01 6.604129e-01 5.136768e-01 7.386422e-01 6.225242e-01 5.387030e-01 4.963845e-01 5.027907e-01 5.999352e-01 4.878601e-01 
165 1981 7.052481e-01 0 0 6.920996e-01 4.718212e-01 4.476890e-01 6.201425e-01 7.211660e-01 5.390024e-01 6.987547e-01 5.339699e-01 7.697853e-01 6.434132e-01 5.594779e-01 5.168197e-01 5.239901e-01 6.230406e-01 5.060377e-01 
166 1993 6.722449e-01 0 0 6.545659e-01 4.496742e-01 4.255634e-01 5.863034e-01 6.819411e-01 5.115767e-01 6.661831e-01 5.042507e-01 7.290257e-01 6.086423e-01 5.333212e-01 4.924192e-01 5.017086e-01 5.919801e-01 4.819238e-01 
167 2005 6.549670e-01 0 0 6.328913e-01 4.346199e-01 4.157308e-01 5.883039e-01 6.588727e-01 5.113086e-01 6.452541e-01 4.892661e-01 7.074688e-01 5.981167e-01 5.163523e-01 4.775602e-01 4.873979e-01 5.776949e-01 4.689868e-01 
168 2017 6.328265e-01 0 0 6.078442e-01 4.158602e-01 4.022195e-01 5.673026e-01 6.383713e-01 4.909469e-01 6.207621e-01 4.704156e-01 6.810997e-01 5.740598e-01 5.035750e-01 4.580209e-01 4.730156e-01 5.554494e-01 4.494715e-01 
169 2029 6.480567e-01 0 0 6.238546e-01 4.251793e-01 4.096158e-01 5.810784e-01 6.512411e-01 5.016701e-01 6.457460e-01 4.838307e-01 6.928602e-01 5.861405e-01 5.210825e-01 4.664187e-01 4.895465e-01 5.648815e-01 4.644778e-01 
170 2041 6.953524e-01 0 0 6.694869e-01 4.561742e-01 4.401903e-01 6.477336e-01 7.022508e-01 5.373345e-01 6.946778e-01 5.148243e-01 7.405271e-01 6.361478e-01 5.605329e-01 4.984761e-01 5.298904e-01 6.058910e-01 4.951243e-01 
171 2053 7.260958e-01 0 0 6.934032e-01 4.767914e-01 4.597283e-01 6.774361e-01 7.307242e-01 5.577959e-01 7.353194e-01 5.380127e-01 7.848664e-01 6.665795e-01 5.849803e-01 5.191314e-01 5.627168e-01 6.294345e-01 5.132969e-01 
172 2065 7.381257e-01 0 0 7.069298e-01 4.948479e-01 4.653634e-01 6.891765e-01 7.481067e-01 5.635171e-01 7.490850e-01 5.447718e-01 7.976611e-01 6.734405e-01 5.941637e-01 5.231220e-01 5.677712e-01 6.397880e-01 5.209578e-01 
173 2077 7.509910e-01 0 0 7.270430e-01 5.045270e-01 4.754495e-01 6.967391e-01 7.570620e-01 5.710343e-01 7.597744e-01 5.590154e-01 8.125468e-01 6.812161e-01 6.100975e-01 5.324271e-01 5.862089e-01 6.488874e-01 5.301228e-01 
174 2089 7.870900e-01 0 0 7.708789e-01 5.382012e-01 5.014673e-01 7.241549e-01 8.059982e-01 5.994848e-01 7.974161e-01 5.945854e-01 8.547178e-01 7.120660e-01 6.356679e-01 5.587554e-01 6.120468e-01 6.735817e-01 5.529569e-01 
175 2101 8.048689e-01 0 0 7.843193e-01 5.516149e-01 5.171941e-01 7.396243e-01 8.263625e-01 6.085989e-01 8.088785e-01 6.096521e-01 8.704090e-01 7.279738e-01 6.541538e-01 5.696982e-01 6.281552e-01 6.847947e-01 5.646948e-01 
176 2113 8.160684e-01 0 0 8.113405e-01 5.570832e-01 5.264485e-01 7.440915e-01 8.344716e-01 6.110899e-01 8.168339e-01 6.170763e-01 8.739685e-01 7.362220e-01 6.679433e-01 5.835595e-01 6.347728e-01 7.025936e-01 5.714252e-01 
177 2125 8.012089e-01 0 0 7.945807e-01 5.457823e-01 5.189176e-01 7.332014e-01 8.164387e-01 5.948487e-01 7.965607e-01 6.032192e-01 8.561906e-01 7.239745e-01 6.553691e-01 5.729520e-01 6.212888e-01 6.884120e-01 5.572588e-01 
178 2137 7.868221e-01 0 0 7.731647e-01 5.394792e-01 5.106962e-01 7.185852e-01 7.978974e-01 5.793016e-01 7.821227e-01 5.908140e-01 8.367757e-01 7.060728e-01 6.434563e-01 5.640876e-01 6.085992e-01 6.715694e-01 5.455798e-01 
179 2149 7.831115e-01 0 0 7.628387e-01 5.371462e-01 5.106997e-01 7.093373e-01 7.946555e-01 5.878179e-01 7.738313e-01 5.902925e-01 8.312663e-01 6.989573e-01 6.383622e-01 5.608096e-01 6.097808e-01 6.643724e-01 5.423167e-01 
180 2161 7.448355e-01 0 0 7.243830e-01 5.173809e-01 4.847424e-01 6.700224e-01 7.543240e-01 5.581447e-01 7.354770e-01 5.584661e-01 7.924223e-01 6.607006e-01 6.036096e-01 5.301438e-01 5.807953e-01 6.308076e-01 5.182476e-01 
181 2173 7.243912e-01 0 0 6.980780e-01 4.999390e-01 4.710975e-01 6.479166e-01 7.320970e-01 5.444958e-01 7.110114e-01 5.423794e-01 7.633137e-01 6.394911e-01 5.871137e-01 5.123383e-01 5.606813e-01 6.120461e-01 5.041008e-01 
182 2185 6.798110e-01 0 0 6.497288e-01 4.675928e-01 4.411995e-01 6.047918e-01 6.878580e-01 5.081629e-01 6.622185e-01 5.038652e-01 7.111316e-01 5.971249e-01 5.518140e-01 4.813292e-01 5.217977e-01 5.749605e-01 4.700563e-01 
183 2197 6.628474e-01 0 0 6.311675e-01 4.537686e-01 4.298154e-01 5.855987e-01 6.675792e-01 4.919867e-01 6.471626e-01 4.873627e-01 6.939867e-01 5.859203e-01 5.360874e-01 4.689703e-01 5.102230e-01 5.779679e-01 4.625390e-01 
184 2209 6.306874e-01 0 0 5.998863e-01 4.304845e-01 4.076216e-01 5.567529e-01 6.319000e-01 4.653835e-01 6.150946e-01 4.639430e-01 6.599520e-01 5.550969e-01 5.077619e-01 4.492994e-01 4.834467e-01 5.474619e-01 4.430159e-01 
185 2221 5.836366e-01 0 0 5.513115e-01 3.959651e-01 3.785931e-01 5.115978e-01 5.799922e-01 4.303730e-01 5.670118e-01 4.265793e-01 6.075402e-01 5.110083e-01 4.682737e-01 4.125304e-01 4.460337e-01 5.044495e-01 4.080182e-01 
186 2233 5.777563e-01 0 0 5.448388e-01 3.899456e-01 3.800533e-01 5.160349e-01 5.754789e-01 4.231767e-01 5.738503e-01 4.218697e-01 5.969028e-01 5.045464e-01 4.673679e-01 4.054561e-01 4.380409e-01 4.988390e-01 4.062753e-01 
187 2245 5.379238e-01 0 0 5.064193e-01 3.601095e-01 3.533343e-01 4.794542e-01 5.410165e-01 3.908901e-01 5.352067e-01 3.903064e-01 5.584829e-01 4.808692e-01 4.354782e-01 3.833108e-01 4.144369e-01 4.611763e-01 3.763649e-01 
188 2257 5.241190e-01 0 0 4.988572e-01 3.606982e-01 3.425188e-01 4.640600e-01 5.252146e-01 3.774862e-01 5.183568e-01 3.795720e-01 5.424054e-01 4.685924e-01 4.245500e-01 3.730154e-01 4.024883e-01 4.498222e-01 3.684574e-01 
189 2269 4.854224e-01 0 0 4.622187e-01 3.342898e-01 3.148264e-01 4.291049e-01 4.913507e-01 3.465160e-01 4.773305e-01 3.496239e-01 4.978462e-01 4.322589e-01 3.904958e-01 3.443324e-01 3.695241e-01 4.156017e-01 3.480064e-01 
190 2281 4.406924e-01 0 0 4.160492e-01 3.033114e-01 2.840017e-01 3.859877e-01 4.418297e-01 3.128271e-01 4.319696e-01 3.172292e-01 4.514765e-01 3.908829e-01 3.517330e-01 3.108335e-01 3.341869e-01 3.749539e-01 3.136714e-01 
191 2293 4.107177e-01 0 0 3.864013e-01 2.835744e-01 2.624610e-01 3.618942e-01 4.083513e-01 2.897960e-01 4.019297e-01 2.942439e-01 4.230728e-01 3.614776e-01 3.268129e-01 2.874784e-01 3.109663e-01 3.490781e-01 2.910017e-01 
192 2305 3.955533e-01 0 0 3.724143e-01 2.712572e-01 2.534117e-01 3.475565e-01 3.982307e-01 2.768878e-01 3.851721e-01 2.810516e-01 4.051522e-01 3.453705e-01 3.146925e-01 2.754260e-01 2.972747e-01 3.345336e-01 2.814160e-01 
193 2317 3.868485e-01 0 0 3.659821e-01 2.631071e-01 2.481529e-01 3.404469e-01 3.860682e-01 2.704727e-01 3.742150e-01 2.728868e-01 3.975857e-01 3.352930e-01 3.086874e-01 2.676319e-01 2.912313e-01 3.285118e-01 2.760072e-01 
194 2329 3.539012e-01 0 0 3.352413e-01 2.394317e-01 2.259591e-01 3.098752e-01 3.522624e-01 2.455205e-01 3.417567e-01 2.496337e-01 3.628296e-01 3.045597e-01 2.797837e-01 2.428345e-01 2.649892e-01 2.986642e-01 2.516435e-01 
195 2341 3.429261e-01 0 0 3.298314e-01 2.310887e-01 2.185183e-01 2.990867e-01 3.391638e-01 2.362340e-01 3.313782e-01 2.410454e-01 3.577528e-01 2.954525e-01 2.698623e-01 2.334062e-01 2.552603e-01 2.869431e-01 2.429292e-01 
196 2353 3.390580e-01 0 0 3.263147e-01 2.289100e-01 2.158361e-01 2.930957e-01 3.325035e-01 2.328563e-01 3.286493e-01 2.376271e-01 3.525046e-01 2.913398e-01 2.654603e-01 2.296691e-01 2.503343e-01 2.858111e-01 2.446263e-01 
197 2365 3.216442e-01 0 0 3.102424e-01 2.167459e-01 2.040159e-01 2.790567e-01 3.124228e-01 2.208487e-01 3.106659e-01 2.244390e-01 3.322594e-01 2.763803e-01 2.502511e-01 2.201408e-01 2.354339e-01 2.727561e-01 2.315250e-01 
198 2377 3.057988e-01 0 0 2.933193e-01 2.053958e-01 1.938182e-01 2.635790e-01 2.941683e-01 2.100388e-01 2.934216e-01 2.137217e-01 3.145666e-01 2.610047e-01 2.363399e-01 2.077724e-01 2.223692e-01 2.612744e-01 2.189885e-01 
199 2389 2.873173e-01 0 0 2.732858e-01 1.938286e-01 1.813985e-01 2.485363e-01 2.741345e-01 1.971157e-01 2.765148e-01 1.994824e-01 2.943985e-01 2.436117e-01 2.206436e-01 1.969526e-01 2.070285e-01 2.443034e-01 2.050885e-01 
200 2401 2.820710e-01 0 0 2.659004e-01 1.919760e-01 1.780719e-01 2.437086e-01 2.688995e-01 1.959492e-01 2.718328e-01 1.946091e-01 2.866141e-01 2.390012e-01 2.191233e-01 1.941772e-01 2.019148e-01 2.388868e-01 2.014240e-01 
201 2413 2.784705e-01 0 0 2.625243e-01 1.894863e-01 1.757791e-01 2.403379e-01 2.642467e-01 1.920001e-01 2.721694e-01 1.932478e-01 2.838836e-01 2.391012e-01 2.228954e-01 1.905562e-01 1.982966e-01 2.352811e-01 2.000235e-01 
202 2425 2.694694e-01 0 0 2.579224e-01 1.828254e-01 1.691839e-01 2.317293e-01 2.567856e-01 1.900743e-01 2.639565e-01 1.886489e-01 2.733408e-01 2.311881e-01 2.184896e-01 1.840158e-01 1.902089e-01 2.265926e-01 1.921581e-01 
203 2437 2.562492e-01 0 0 2.431531e-01 1.729050e-01 1.607749e-01 2.202347e-01 2.422197e-01 1.795800e-01 2.496216e-01 1.788235e-01 2.577244e-01 2.183652e-01 2.093135e-01 1.736756e-01 1.798603e-01 2.162783e-01 1.818125e-01 
204 2449 2.428435e-01 0 0 2.289303e-01 1.630932e-01 1.526340e-01 2.079156e-01 2.277809e-01 1.689406e-01 2.349911e-01 1.684903e-01 2.429880e-01 2.055244e-01 1.980403e-01 1.647284e-01 1.708699e-01 2.042613e-01 1.712835e-01 
205 2461 2.351516e-01 0 0 2.204276e-01 1.571653e-01 1.474933e-01 1.999039e-01 2.183115e-01 1.627878e-01 2.272498e-01 1.616879e-01 2.342488e-01 2.000587e-01 1.908084e-01 1.582148e-01 1.651337e-01 1.969754e-01 1.647898e-01 
206 2473 2.315850e-01 0 0 2.159158e-01 1.551151e-01 1.442216e-01 1.957211e-01 2.132201e-01 1.618073e-01 2.240501e-01 1.583874e-01 2.301762e-01 1.957187e-01 1.864739e-01 1.552826e-01 1.617850e-01 1.952739e-01 1.616645e-01 
207 2485 2.342663e-01 0 0 2.176356e-01 1.563555e-01 1.458341e-01 1.975324e-01 2.140357e-01 1.637785e-01 2.292538e-01 1.595494e-01 2.330994e-01 1.966577e-01 1.870050e-01 1.572509e-01 1.622817e-01 1.968555e-01 1.629768e-01 
208 2497 2.344309e-01 0 0 2.158118e-01 1.552583e-01 1.446152e-01 1.962094e-01 2.127198e-01 1.683597e-01 2.289025e-01 1.582987e-01 2.316845e-01 1.957934e-01 1.862483e-01 1.566180e-01 1.613103e-01 1.957966e-01 1.648883e-01 
209 2509 2.380239e-01 0 0 2.180147e-01 1.592830e-01 1.466915e-01 1.973327e-01 2.143044e-01 1.742901e-01 2.311837e-01 1.636301e-01 2.336787e-01 1.983895e-01 1.878014e-01 1.589467e-01 1.624807e-01 1.968389e-01 1.684917e-01 
210 2521 2.444839e-01 0 0 2.228852e-01 1.631141e-01 1.508251e-01 2.013306e-01 2.181508e-01 1.827761e-01 2.367937e-01 1.673123e-01 2.383749e-01 2.028902e-01 1.930484e-01 1.622503e-01 1.654418e-01 2.031673e-01 1.732504e-01 
211 2533 2.503499e-01 0 0 2.266443e-01 1.666446e-01 1.537999e-01 2.043702e-01 2.219784e-01 1.931149e-01 2.411673e-01 1.715846e-01 2.419203e-01 2.066487e-01 1.971054e-01 1.649118e-01 1.681071e-01 2.084275e-01 1.791368e-01 
212 2545 2.528375e-01 0 0 2.272166e-01 1.675023e-01 1.543993e-01 2.051700e-01 2.226015e-01 2.011806e-01 2.417302e-01 1.737636e-01 2.430371e-01 2.085827e-01 1.990621e-01 1.653861e-01 1.687227e-01 2.110561e-01 1.809692e-01 
213 2557 2.676777e-01 0 0 2.388809e-01 1.758492e-01 1.642291e-01 2.164450e-01 2.336299e-01 2.233093e-01 2.536571e-01 1.824082e-01 2.602374e-01 2.194811e-01 2.106826e-01 1.750954e-01 1.773133e-01 2.235180e-01 1.913290e-01 
214 2569 3.074071e-01 0 0 2.735831e-01 2.013797e-01 1.884901e-01 2.465897e-01 2.668799e-01 2.696740e-01 2.893716e-01 2.112970e-01 3.003601e-01 2.531336e-01 2.418152e-01 2.041850e-01 2.052755e-01 2.569345e-01 2.181142e-01 
215 2581 3.174672e-01 0 0 2.808148e-01 2.064906e-01 1.938287e-01 2.525954e-01 2.758938e-01 2.796010e-01 2.963401e-01 2.194575e-01 3.087374e-01 2.591196e-01 2.523815e-01 2.102356e-01 2.107563e-01 2.642113e-01 2.232603e-01 
216 2593 3.235079e-01 0 0 2.852360e-01 2.093702e-01 1.966143e-01 2.556576e-01 2.795171e-01 2.844584e-01 3.006509e-01 2.230611e-01 3.122961e-01 2.642302e-01 2.663013e-01 2.149275e-01 2.136971e-01 2.684214e-01 2.255175e-01 
217 2605 3.395622e-01 0 0 2.971288e-01 2.190129e-01 2.064459e-01 2.659018e-01 2.908282e-01 2.968108e-01 3.139811e-01 2.352730e-01 3.263325e-01 2.763835e-01 2.939164e-01 2.244959e-01 2.225780e-01 2.803279e-01 2.348892e-01 
218 2617 3.436987e-01 0 0 2.979064e-01 2.201331e-01 2.084641e-01 2.689313e-01 2.918836e-01 3.005850e-01 3.150417e-01 2.373842e-01 3.279585e-01 2.788212e-01 3.036800e-01 2.263198e-01 2.235603e-01 2.830745e-01 2.370081e-01 
219 2629 3.270348e-01 0 0 2.816325e-01 2.080374e-01 1.972949e-01 2.542224e-01 2.758210e-01 2.848861e-01 2.976497e-01 2.271762e-01 3.146324e-01 2.634339e-01 2.931522e-01 2.137903e-01 2.110957e-01 2.681907e-01 2.238970e-01 
220 2641 3.240586e-01 0 0 2.777399e-01 2.047261e-01 1.966991e-01 2.494746e-01 2.710316e-01 2.871038e-01 2.938596e-01 2.279424e-01 3.102111e-01 2.600689e-01 2.939358e-01 2.111083e-01 2.073605e-01 2.652213e-01 2.207687e-01 
221 2653 3.161410e-01 0 0 2.694885e-01 1.988575e-01 1.923934e-01 2.414859e-01 2.624136e-01 2.784808e-01 2.865227e-01 2.205618e-01 3.033645e-01 2.527085e-01 2.878877e-01 2.055873e-01 2.005775e-01 2.573809e-01 2.142319e-01 
222 2665 3.035568e-01 0 0 2.574418e-01 1.904218e-01 1.838347e-01 2.309732e-01 2.496635e-01 2.678449e-01 2.739670e-01 2.112378e-01 2.906970e-01 2.418654e-01 2.791578e-01 1.956355e-01 1.917342e-01 2.471990e-01 2.049229e-01 
223 2677 2.978123e-01 0 0 2.507345e-01 1.860905e-01 1.791670e-01 2.257829e-01 2.430239e-01 2.646962e-01 2.749563e-01 2.053190e-01 2.840465e-01 2.374968e-01 2.740605e-01 1.918766e-01 1.873927e-01 2.421365e-01 2.009643e-01 
224 2689 2.847226e-01 0 0 2.374201e-01 1.761739e-01 1.711235e-01 2.137999e-01 2.304084e-01 2.537966e-01 2.639092e-01 1.953949e-01 2.745879e-01 2.270462e-01 2.619532e-01 1.829605e-01 1.794259e-01 2.296372e-01 1.917040e-01 
225 2701 2.612342e-01 0 0 2.159798e-01 1.603020e-01 1.557516e-01 1.950598e-01 2.095390e-01 2.314552e-01 2.410142e-01 1.785547e-01 2.511839e-01 2.064537e-01 2.405115e-01 1.664914e-01 1.648055e-01 2.089279e-01 1.745292e-01 
226 2713 2.566934e-01 0 0 2.104799e-01 1.561691e-01 1.523580e-01 1.907134e-01 2.042800e-01 2.262212e-01 2.358757e-01 1.752146e-01 2.470037e-01 2.010150e-01 2.358765e-01 1.626659e-01 1.612448e-01 2.048437e-01 1.726552e-01 
227 2725 2.426293e-01 0 0 1.984327e-01 1.467453e-01 1.427496e-01 1.786283e-01 1.911187e-01 2.125573e-01 2.230690e-01 1.674833e-01 2.317386e-01 1.890133e-01 2.223816e-01 1.528841e-01 1.512056e-01 1.933028e-01 1.633203e-01 
228 2737 2.438680e-01 0 0 1.988618e-01 1.475559e-01 1.446914e-01 1.779728e-01 1.909488e-01 2.133348e-01 2.231439e-01 1.718748e-01 2.321869e-01 1.895095e-01 2.241111e-01 1.533358e-01 1.510548e-01 1.926967e-01 1.633860e-01 
229 2749 2.417120e-01 0 0 1.956750e-01 1.454755e-01 1.425696e-01 1.754283e-01 1.875927e-01 2.110965e-01 2.222446e-01 1.699754e-01 2.326631e-01 1.861611e-01 2.215271e-01 1.532108e-01 1.493657e-01 1.893538e-01 1.626290e-01 
230 2761 2.498584e-01 0 0 2.016449e-01 1.501524e-01 1.463060e-01 1.814676e-01 1.937103e-01 2.191370e-01 2.284085e-01 1.745361e-01 2.414419e-01 1.921777e-01 2.274534e-01 1.582584e-01 1.532153e-01 1.941221e-01 1.701660e-01 
231 2773 2.542604e-01 0 0 2.040161e-01 1.526565e-01 1.481596e-01 1.829163e-01 1.960223e-01 2.228077e-01 2.317005e-01 1.769878e-01 2.446152e-01 1.958268e-01 2.305156e-01 1.602901e-01 1.548447e-01 1.997071e-01 1.740813e-01 
232 2785 2.475548e-01 0 0 1.970015e-01 1.476641e-01 1.444894e-01 1.764634e-01 1.905825e-01 2.159010e-01 2.242797e-01 1.712445e-01 2.382942e-01 1.900547e-01 2.223672e-01 1.574634e-01 1.498482e-01 1.948753e-01 1.690019e-01 
233 2797 2.417686e-01 0 0 1.908877e-01 1.440339e-01 1.399552e-01 1.714390e-01 1.853706e-01 2.098618e-01 2.183492e-01 1.674188e-01 2.346379e-01 1.848678e-01 2.163827e-01 1.553307e-01 1.455077e-01 1.908346e-01 1.646295e-01 
234 2809 2.272182e-01 0 0 1.793376e-01 1.353112e-01 1.304927e-01 1.600725e-01 1.725613e-01 1.956961e-01 2.046212e-01 1.564430e-01 2.198391e-01 1.727911e-01 2.020140e-01 1.458657e-01 1.358913e-01 1.789720e-01 1.533655e-01 
235 2821 2.187843e-01 0 0 1.717891e-01 1.304047e-01 1.261534e-01 1.545832e-01 1.652454e-01 1.881261e-01 1.970485e-01 1.520056e-01 2.106457e-01 1.669961e-01 1.930876e-01 1.403986e-01 1.297571e-01 1.717908e-01 1.469715e-01 
236 2833 2.022142e-01 0 0 1.576212e-01 1.208401e-01 1.159540e-01 1.422600e-01 1.523491e-01 1.732189e-01 1.820919e-01 1.411253e-01 1.948459e-01 1.538150e-01 1.783751e-01 1.288221e-01 1.196155e-01 1.576376e-01 1.349954e-01 
237 2845 1.894032e-01 0 0 1.471701e-01 1.131544e-01 1.082263e-01 1.324507e-01 1.415680e-01 1.619345e-01 1.693171e-01 1.317595e-01 1.816046e-01 1.436588e-01 1.660825e-01 1.209757e-01 1.118075e-01 1.486576e-01 1.255361e-01 
238 2857 1.774550e-01 0 0 1.369048e-01 1.050327e-01 1.012334e-01 1.229377e-01 1.316407e-01 1.512478e-01 1.573947e-01 1.236072e-01 1.690060e-01 1.349212e-01 1.567211e-01 1.123903e-01 1.039409e-01 1.384818e-01 1.169775e-01 
239 2869 1.707925e-01 0 0 1.311276e-01 1.009494e-01 9.763289e-02 1.184473e-01 1.260021e-01 1.449947e-01 1.503086e-01 1.178924e-01 1.631489e-01 1.291875e-01 1.511293e-01 1.089717e-01 9.932875e-02 1.322904e-01 1.119774e-01 
240 2881 1.785977e-01 0 0 1.358753e-01 1.044970e-01 1.038189e-01 1.247589e-01 1.306965e-01 1.511405e-01 1.577549e-01 1.239684e-01 1.715510e-01 1.342100e-01 1.577654e-01 1.158614e-01 1.044068e-01 1.381568e-01 1.180458e-01 
241 2893 1.774016e-01 0 0 1.339735e-01 1.029168e-01 1.031719e-01 1.234549e-01 1.291063e-01 1.490480e-01 1.557257e-01 1.224128e-01 1.694982e-01 1.337796e-01 1.570627e-01 1.145699e-01 1.028417e-01 1.374750e-01 1.168487e-01 
242 2905 1.742036e-01 0 0 1.308671e-01 1.000692e-01 1.014145e-01 1.202954e-01 1.265892e-01 1.466801e-01 1.518767e-01 1.193595e-01 1.650470e-01 1.308882e-01 1.542588e-01 1.115897e-01 1.001242e-01 1.346348e-01 1.142939e-01 
243 2917 1.738050e-01 0 0 1.304045e-01 9.930800e-02 1.015346e-01 1.201859e-01 1.264707e-01 1.456103e-01 1.503055e-01 1.187280e-01 1.644137e-01 1.297928e-01 1.532755e-01 1.105594e-01 1.006827e-01 1.339254e-01 1.135770e-01 
244 2929 1.713614e-01 0 0 1.279503e-01 9.769957e-02 1.001523e-01 1.174373e-01 1.239943e-01 1.456258e-01 1.480093e-01 1.174151e-01 1.611224e-01 1.270918e-01 1.509902e-01 1.084858e-01 9.843188e-02 1.314567e-01 1.118540e-01 
245 2941 1.699666e-01 0 0 1.259685e-01 9.649715e-02 1.010107e-01 1.167302e-01 1.221096e-01 1.446049e-01 1.463904e-01 1.163268e-01 1.590307e-01 1.259793e-01 1.486094e-01 1.067536e-01 9.681182e-02 1.299200e-01 1.101489e-01 
246 2953 1.612094e-01 0 0 1.189638e-01 9.094973e-02 9.633750e-02 1.100483e-01 1.151763e-01 1.373731e-01 1.385582e-01 1.100547e-01 1.494449e-01 1.194162e-01 1.412406e-01 1.004206e-01 9.101096e-02 1.230888e-01 1.035776e-01 
247 2965 1.499677e-01 0 0 1.098950e-01 8.399794e-02 8.941343e-02 1.015385e-01 1.062336e-01 1.273156e-01 1.278911e-01 1.017274e-01 1.385078e-01 1.105250e-01 1.310883e-01 9.329694e-02 8.403885e-02 1.147835e-01 9.636566e-02 
248 2977 1.440230e-01 0 0 1.047280e-01 8.079388e-02 8.567584e-02 9.679168e-02 1.015048e-01 1.226617e-01 1.219265e-01 9.728931e-02 1.320187e-01 1.053680e-01 1.266865e-01 8.886765e-02 8.086626e-02 1.091922e-01 9.181118e-02 
249 2989 1.505871e-01 0 0 1.097197e-01 8.444786e-02 8.923534e-02 1.010364e-01 1.051114e-01 1.278103e-01 1.271632e-01 1.011802e-01 1.404088e-01 1.097502e-01 1.328152e-01 9.296129e-02 8.475548e-02 1.133013e-01 9.520488e-02 
250 3001 1.534797e-01 0 0 1.111685e-01 8.538802e-02 9.061238e-02 1.026566e-01 1.060846e-01 1.292270e-01 1.285733e-01 1.031054e-01 1.443359e-01 1.112333e-01 1.347582e-01 9.405370e-02 8.653306e-02 1.147932e-01 9.683270e-02 
251 3013 1.505678e-01 0 0 1.087181e-01 8.340249e-02 8.871534e-02 1.000702e-01 1.031477e-01 1.261156e-01 1.252653e-01 1.012072e-01 1.429365e-01 1.094104e-01 1.337434e-01 9.182050e-02 8.458630e-02 1.125214e-01 9.425834e-02 
252 3025 1.449759e-01 0 0 1.047186e-01 7.979385e-02 8.485947e-02 9.613007e-02 9.849913e-02 1.206471e-01 1.194913e-01 9.669996e-02 1.374648e-01 1.046485e-01 1.290078e-01 8.813181e-02 8.188972e-02 1.080642e-01 8.994952e-02 
253 3037 1.352537e-01 0 0 9.730275e-02 7.418500e-02 7.858087e-02 8.924854e-02 9.110772e-02 1.124371e-01 1.111251e-01 8.991708e-02 1.274144e-01 9.735426e-02 1.199486e-01 8.252608e-02 7.623862e-02 1.003407e-01 8.305869e-02 
254 3049 1.248199e-01 0 0 8.949418e-02 6.835519e-02 7.222678e-02 8.181025e-02 8.391322e-02 1.035066e-01 1.018036e-01 8.220137e-02 1.179092e-01 8.908649e-02 1.107477e-01 7.609942e-02 7.025458e-02 9.283416e-02 7.601323e-02 
255 3061 1.225736e-01 0 0 8.735773e-02 6.685515e-02 7.023868e-02 7.976425e-02 8.244929e-02 1.009908e-01 9.917233e-02 8.068826e-02 1.147578e-01 8.788423e-02 1.098661e-01 7.429792e-02 6.849692e-02 9.096409e-02 7.415181e-02 
256 3073 1.208204e-01 0 0 8.570967e-02 6.653588e-02 6.891894e-02 7.816475e-02 8.216904e-02 9.917779e-02 9.705915e-02 8.012098e-02 1.127256e-01 8.606728e-02 1.085053e-01 7.303264e-02 6.739698e-02 8.986420e-02 7.304623e-02 
257 3085 1.248420e-01 0 0 8.879091e-02 7.003766e-02 7.109053e-02 8.018608e-02 8.430472e-02 1.021943e-01 1.002413e-01 8.592169e-02 1.164263e-01 8.901946e-02 1.114117e-01 7.645102e-02 6.938316e-02 9.315400e-02 7.485048e-02 
258 3097 1.231855e-01 0 0 8.696941e-02 6.951862e-02 6.987940e-02 7.861576e-02 8.264684e-02 9.991941e-02 9.843626e-02 8.538748e-02 1.142837e-01 8.721991e-02 1.091685e-01 7.507423e-02 6.797462e-02 9.149493e-02 7.347381e-02 
259 3109 1.209589e-01 0 0 8.473690e-02 6.788542e-02 6.810960e-02 7.660865e-02 8.160026e-02 9.729857e-02 9.882073e-02 8.366328e-02 1.122964e-01 8.534470e-02 1.074374e-01 7.309691e-02 6.632426e-02 8.949577e-02 7.156771e-02 
260 3121 1.190615e-01 0 0 8.311243e-02 6.709732e-02 6.663093e-02 7.516035e-02 8.078147e-02 9.506125e-02 9.708404e-02 8.195082e-02 1.102197e-01 8.357326e-02 1.051757e-01 7.203480e-02 6.626291e-02 8.840620e-02 7.015058e-02 
261 3133 1.235180e-01 0 0 8.590362e-02 6.959214e-02 6.963787e-02 7.758725e-02 8.344621e-02 9.896345e-02 1.010668e-01 8.465447e-02 1.165554e-01 8.708137e-02 1.117669e-01 7.511747e-02 6.920577e-02 9.179804e-02 7.417876e-02 
262 3145 1.261779e-01 0 0 8.712346e-02 7.142333e-02 7.085267e-02 7.868144e-02 8.445380e-02 1.022608e-01 1.044331e-01 8.688682e-02 1.189158e-01 8.954788e-02 1.140919e-01 7.657713e-02 7.181645e-02 9.392375e-02 7.535678e-02 
263 3157 1.173738e-01 0 0 8.078496e-02 6.601612e-02 6.615020e-02 7.316236e-02 7.860547e-02 9.480440e-02 9.894902e-02 8.021823e-02 1.119052e-01 8.329942e-02 1.069953e-01 7.100737e-02 6.649740e-02 8.687464e-02 6.952575e-02 
264 3169 1.118689e-01 0 0 7.802947e-02 6.267549e-02 6.255872e-02 6.924061e-02 7.532588e-02 8.962928e-02 9.377955e-02 7.613887e-02 1.057601e-01 7.918215e-02 1.025790e-01 6.760703e-02 6.339298e-02 8.313151e-02 6.593139e-02 
265 3181 1.048285e-01 0 0 7.302078e-02 5.879077e-02 5.811445e-02 6.445070e-02 7.018497e-02 8.333299e-02 8.778752e-02 7.111574e-02 9.924125e-02 7.364349e-02 9.586553e-02 6.301670e-02 5.917572e-02 7.755755e-02 6.152753e-02 
266 3193 1.018422e-01 0 0 7.086317e-02 5.665068e-02 5.615876e-02 6.224362e-02 6.780927e-02 8.015099e-02 8.452344e-02 6.879360e-02 9.619802e-02 7.239886e-02 9.274302e-02 6.111589e-02 5.731628e-02 7.486830e-02 5.986257e-02 
267 3205 1.004681e-01 0 0 6.966303e-02 5.585466e-02 5.535222e-02 6.102469e-02 6.641847e-02 7.843483e-02 8.389183e-02 6.745744e-02 9.438130e-02 7.148458e-02 9.097153e-02 6.067534e-02 5.666009e-02 7.346763e-02 5.856159e-02 
268 3217 9.203846e-02 0 0 6.371385e-02 5.108099e-02 5.093263e-02 5.577950e-02 6.025380e-02 7.119064e-02 7.667985e-02 6.129843e-02 8.638256e-02 6.529742e-02 8.382539e-02 5.560274e-02 5.147678e-02 6.678467e-02 5.328293e-02 
269 3229 8.654605e-02 0 0 5.937692e-02 4.775334e-02 4.755149e-02 5.216262e-02 5.628858e-02 6.632133e-02 7.205054e-02 5.719592e-02 8.071197e-02 6.112068e-02 7.842295e-02 5.190144e-02 4.812170e-02 6.255623e-02 4.972476e-02 
270 3241 8.581961e-02 0 0 5.870774e-02 4.744528e-02 4.691428e-02 5.153367e-02 5.580295e-02 6.528685e-02 7.102697e-02 5.705373e-02 7.942608e-02 6.017003e-02 7.839716e-02 5.124554e-02 4.761707e-02 6.300953e-02 4.903099e-02 
271 3253 8.135271e-02 0 0 5.524864e-02 4.469873e-02 4.442698e-02 4.847926e-02 5.235787e-02 6.135855e-02 6.679742e-02 5.406585e-02 7.510744e-02 5.681123e-02 7.421109e-02 4.871973e-02 4.546807e-02 5.977657e-02 4.636432e-02 
272 3265 8.038935e-02 0 0 5.422047e-02 4.406294e-02 4.357791e-02 4.766245e-02 5.124590e-02 6.006620e-02 6.556335e-02 5.341107e-02 7.420513e-02 5.560807e-02 7.317597e-02 4.785527e-02 4.513372e-02 5.955345e-02 4.566206e-02 
273 3277 8.038664e-02 0 0 5.381797e-02 4.362654e-02 4.318793e-02 4.734461e-02 5.094529e-02 5.963484e-02 6.587830e-02 5.400805e-02 7.371554e-02 5.524946e-02 7.378687e-02 4.742590e-02 4.516275e-02 6.007270e-02 4.532760e-02 
274 3289 7.535139e-02 0 0 5.000215e-02 4.068236e-02 4.017115e-02 4.401427e-02 4.770167e-02 5.545747e-02 6.119330e-02 5.060272e-02 6.919515e-02 5.131676e-02 6.911645e-02 4.416113e-02 4.235101e-02 5.615098e-02 4.212863e-02 
275 3301 6.983259e-02 0 0 4.596380e-02 3.767629e-02 3.687499e-02 4.092088e-02 4.455213e-02 5.109679e-02 5.643228e-02 4.668070e-02 6.418747e-02 4.716029e-02 6.363188e-02 4.081547e-02 3.921554e-02 5.224069e-02 3.877133e-02 
276 3313 6.599910e-02 0 0 4.339145e-02 3.582265e-02 3.470828e-02 3.835466e-02 4.219700e-02 4.828457e-02 5.291684e-02 4.382645e-02 6.021562e-02 4.433197e-02 6.003378e-02 3.843820e-02 3.676269e-02 4.940709e-02 3.630365e-02 
277 3325 6.421674e-02 0 0 4.188612e-02 3.468416e-02 3.357665e-02 3.724650e-02 4.176978e-02 4.672949e-02 5.171487e-02 4.232520e-02 5.827058e-02 4.288763e-02 5.805173e-02 3.709775e-02 3.575170e-02 4.783226e-02 3.507430e-02 
278 3337 6.260209e-02 0 0 4.044159e-02 3.358872e-02 3.252349e-02 3.665101e-02 4.128243e-02 4.542544e-02 5.020741e-02 4.091334e-02 5.655362e-02 4.142221e-02 5.622999e-02 3.619215e-02 3.455717e-02 4.637502e-02 3.388427e-02 
279 3349 6.425952e-02 0 0 4.161971e-02 3.421100e-02 3.311227e-02 3.850181e-02 4.267353e-02 4.652301e-02 5.142310e-02 4.162122e-02 5.785045e-02 4.242250e-02 5.742992e-02 3.710035e-02 3.545359e-02 4.720920e-02 3.480277e-02 
280 3361 6.288680e-02 0 0 4.049615e-02 3.330387e-02 3.217409e-02 3.803758e-02 4.178132e-02 4.543998e-02 4.991634e-02 4.061355e-02 5.645685e-02 4.131947e-02 5.590765e-02 3.602164e-02 3.470287e-02 4.580475e-02 3.405463e-02 
281 3373 5.963771e-02 0 0 3.827083e-02 3.157603e-02 3.039562e-02 3.660300e-02 3.950952e-02 4.287136e-02 4.736219e-02 3.848062e-02 5.337242e-02 3.885286e-02 5.261323e-02 3.392294e-02 3.289570e-02 4.316153e-02 3.230610e-02 
282 3385 5.687139e-02 0 0 3.628699e-02 2.996908e-02 2.885862e-02 3.525295e-02 3.753509e-02 4.052901e-02 4.495306e-02 3.648198e-02 5.081658e-02 3.678971e-02 4.997644e-02 3.211307e-02 3.158957e-02 4.117288e-02 3.066241e-02 
283 3397 5.277177e-02 0 0 3.342499e-02 2.766316e-02 2.668305e-02 3.258225e-02 3.475813e-02 3.740753e-02 4.194748e-02 3.371792e-02 4.673623e-02 3.389886e-02 4.617849e-02 2.954964e-02 2.927316e-02 3.808970e-02 2.830145e-02 
284 3409 5.132075e-02 0 0 3.228602e-02 2.673136e-02 2.589252e-02 3.146174e-02 3.397719e-02 3.601364e-02 4.085251e-02 3.320261e-02 4.547004e-02 3.308687e-02 4.459858e-02 2.905337e-02 2.893058e-02 3.688715e-02 2.732466e-02 
285 3421 5.070760e-02 0 0 3.184371e-02 2.639517e-02 2.544751e-02 3.098660e-02 3.350034e-02 3.532974e-02 4.033960e-02 3.266472e-02 4.468058e-02 3.248533e-02 4.390967e-02 2.921470e-02 2.871238e-02 3.632748e-02 2.676077e-02 
286 3433 4.948208e-02 0 0 3.098328e-02 2.567600e-02 2.483199e-02 3.032956e-02 3.293889e-02 3.415686e-02 3.913515e-02 3.170586e-02 4.340447e-02 3.174111e-02 4.264902e-02 2.848059e-02 2.797496e-02 3.524103e-02 2.595630e-02 
287 3445 4.653494e-02 0 0 2.916111e-02 2.399292e-02 2.325047e-02 2.829685e-02 3.091317e-02 3.180343e-02 3.652924e-02 2.998625e-02 4.075269e-02 2.965156e-02 3.999938e-02 2.659422e-02 2.629180e-02 3.309152e-02 2.419897e-02 
288 3457 4.238843e-02 0 0 2.646461e-02 2.176248e-02 2.113761e-02 2.559091e-02 2.826175e-02 2.883603e-02 3.354861e-02 2.728834e-02 3.677591e-02 2.694886e-02 3.614996e-02 2.404251e-02 2.376908e-02 2.988737e-02 2.186964e-02 
289 3469 3.960714e-02 0 0 2.475269e-02 2.015266e-02 1.970283e-02 2.370538e-02 2.675212e-02 2.684882e-02 3.132385e-02 2.526395e-02 3.426468e-02 2.524739e-02 3.351734e-02 2.238083e-02 2.203456e-02 2.813369e-02 2.028638e-02 
290 3481 3.823376e-02 0 0 2.392081e-02 1.930017e-02 1.883419e-02 2.268049e-02 2.577351e-02 2.595426e-02 3.006785e-02 2.421399e-02 3.288542e-02 2.427060e-02 3.206171e-02 2.153252e-02 2.110839e-02 2.731310e-02 1.955079e-02 
291 3493 3.848245e-02 0 0 2.418744e-02 1.947367e-02 1.893899e-02 2.266179e-02 2.655237e-02 2.608101e-02 3.000123e-02 2.421181e-02 3.314208e-02 2.439374e-02 3.207851e-02 2.155165e-02 2.165094e-02 2.790536e-02 1.970279e-02 
292 3505 3.644270e-02 0 0 2.287033e-02 1.835916e-02 1.785085e-02 2.136630e-02 2.501825e-02 2.457072e-02 2.828821e-02 2.274892e-02 3.120795e-02 2.304224e-02 3.025244e-02 2.031727e-02 2.055452e-02 2.651684e-02 1.863774e-02 
293 3517 3.515884e-02 0 0 2.199663e-02 1.754044e-02 1.708579e-02 2.065357e-02 2.391116e-02 2.355421e-02 2.709782e-02 2.195820e-02 2.988888e-02 2.225541e-02 2.928602e-02 1.999291e-02 1.963526e-02 2.557178e-02 1.787504e-02 
294 3529 3.539260e-02 0 0 2.208683e-02 1.753615e-02 1.703741e-02 2.078299e-02 2.397150e-02 2.359721e-02 2.737744e-02 2.210077e-02 2.993866e-02 2.247515e-02 2.927314e-02 2.032885e-02 1.960807e-02 2.588630e-02 1.807712e-02 
295 3541 3.486873e-02 0 0 2.168628e-02 1.717932e-02 1.667180e-02 2.045344e-02 2.342119e-02 2.304910e-02 2.680899e-02 2.185484e-02 2.955986e-02 2.218667e-02 2.896987e-02 2.033053e-02 1.928515e-02 2.543816e-02 1.779567e-02 
296 3553 3.310105e-02 0 0 2.053097e-02 1.619673e-02 1.575126e-02 1.970437e-02 2.227135e-02 2.167045e-02 2.565629e-02 2.060888e-02 2.809362e-02 2.118779e-02 2.757677e-02 1.949276e-02 1.829850e-02 2.406424e-02 1.689263e-02 
297 3565 3.207043e-02 0 0 1.972715e-02 1.557327e-02 1.516647e-02 1.903918e-02 2.151387e-02 2.082516e-02 2.491909e-02 1.983229e-02 2.698322e-02 2.054167e-02 2.650269e-02 1.876040e-02 1.789059e-02 2.317390e-02 1.631186e-02 
298 3577 3.144929e-02 0 0 1.951624e-02 1.516861e-02 1.473472e-02 1.870826e-02 2.099346e-02 2.024618e-02 2.445773e-02 1.937522e-02 2.648541e-02 2.003400e-02 2.579596e-02 1.842661e-02 1.753505e-02 2.256174e-02 1.588488e-02 
299 3589 3.085675e-02 0 0 1.910385e-02 1.481376e-02 1.438924e-02 1.838923e-02 2.048120e-02 1.969118e-02 2.424407e-02 1.907867e-02 2.608383e-02 1.948507e-02 2.511509e-02 1.824618e-02 1.718641e-02 2.193953e-02 1.550076e-02 
300 3601 3.024240e-02 0 0 1.863416e-02 1.441880e-02 1.404369e-02 1.808662e-02 1.993906e-02 1.914757e-02 2.396779e-02 1.877597e-02 2.555595e-02 1.892406e-02 2.452708e-02 1.818348e-02 1.676028e-02 2.135804e-02 1.506736e-02 
