%  columns="iteration, evaluation, sigma, axis ratio, bestever, best, median, worst fitness function value, further objective values of best" (startseed=1, 2016/03/24 13:3:32.66)
1 13 2.338159e+00 1.052817e+00 -6.808307342425646835e-01 -6.808307342425646835e-01 -5.602082320319246023e-01 -3.484693572436282638e-01
2 25 2.346028e+00 1.118092e+00 -6.935931726495100369e-01 -6.935931726495100369e-01 -5.673243804493730558e-01 -4.124875714508238200e-01
3 37 2.354997e+00 1.145384e+00 -7.645180412495569122e-01 -7.645180412495569122e-01 -6.369201787171184792e-01 -5.149496184100302854e-01
4 49 2.467953e+00 1.202182e+00 -8.034480943284119103e-01 -8.034480943284119103e-01 -7.180538427649474365e-01 -4.338261594186896830e-01
5 61 2.591344e+00 1.289896e+00 -8.208264125754458629e-01 -8.208264125754458629e-01 -7.286897045531728345e-01 -5.158075884882128426e-01
6 73 2.627416e+00 1.320379e+00 -8.208264125754458629e-01 -7.863775762387861246e-01 -7.406811084413158497e-01 -5.466401016323692019e-01
7 85 2.623142e+00 1.341147e+00 -8.318643493533791622e-01 -8.318643493533791622e-01 -7.068549060256850147e-01 -5.460568672405564650e-01
8 97 2.649148e+00 1.358124e+00 -8.572093753124858662e-01 -8.572093753124858662e-01 -6.961525690519856369e-01 -6.248972707718218889e-01
9 109 2.594051e+00 1.367419e+00 -8.709081731692170925e-01 -8.709081731692170925e-01 -7.398813732362576889e-01 -6.193910058356053572e-01
10 121 2.548850e+00 1.370279e+00 -8.711945713496429544e-01 -8.711945713496429544e-01 -7.590855636709863408e-01 -6.545342367409330286e-01
11 133 2.400860e+00 1.387592e+00 -9.350516801555797120e-01 -9.350516801555797120e-01 -7.975154118937410885e-01 -6.592965724336911082e-01
12 145 2.367345e+00 1.408871e+00 -9.519122378687160380e-01 -9.519122378687160380e-01 -8.431450156077784364e-01 -7.335016511031969833e-01
13 157 2.359326e+00 1.436684e+00 -9.519122378687160380e-01 -9.430482385271737877e-01 -8.351736856038188828e-01 -6.954653191427538905e-01
14 169 2.326072e+00 1.447291e+00 -9.519122378687160380e-01 -9.223182072148116140e-01 -8.441958932975057728e-01 -6.987351928845325633e-01
15 181 2.292769e+00 1.443172e+00 -9.519122378687160380e-01 -9.289855374109001751e-01 -8.831871066417626981e-01 -7.931127500397445740e-01
16 193 2.229975e+00 1.443165e+00 -9.594453168628729323e-01 -9.594453168628729323e-01 -8.260680547415407693e-01 -7.064978354910932401e-01
17 205 2.252400e+00 1.442929e+00 -9.743276020993719699e-01 -9.743276020993719699e-01 -8.084400844397777730e-01 -7.313767575698086887e-01
18 217 2.196950e+00 1.442725e+00 -9.743276020993719699e-01 -9.103712814868836212e-01 -8.387353081313851932e-01 -7.821820606071198112e-01
19 229 2.264923e+00 1.460338e+00 -9.743276020993719699e-01 -9.274744930286679123e-01 -8.153720861292184097e-01 -7.299139392611879718e-01
20 241 2.138274e+00 1.473516e+00 -9.896462115436986950e-01 -9.896462115436986950e-01 -8.319811260198453073e-01 -7.015077888860326016e-01
21 253 2.024331e+00 1.471717e+00 -9.896462115436986950e-01 -8.802872800495487038e-01 -8.390840392554668181e-01 -7.918803401858034441e-01
22 265 2.061912e+00 1.476788e+00 -9.896462115436986950e-01 -9.536492482262690640e-01 -8.615132701905997559e-01 -7.606941384331905587e-01
23 277 2.035429e+00 1.483535e+00 -9.896462115436986950e-01 -9.463685841774837071e-01 -8.309651397777657600e-01 -7.563704645834933293e-01
24 289 1.986720e+00 1.482935e+00 -9.896462115436986950e-01 -8.980728976093704796e-01 -8.049267727594414668e-01 -7.015833625612921676e-01
25 301 1.917181e+00 1.481947e+00 -9.896462115436986950e-01 -9.367531009384473251e-01 -8.573140926120093042e-01 -7.804237546064912712e-01
26 313 1.824962e+00 1.479988e+00 -1.022514661391836999e+00 -1.022514661391836999e+00 -8.715323572159788812e-01 -7.328063266720515889e-01
27 325 1.733213e+00 1.480832e+00 -1.022514661391836999e+00 -9.717462895803025136e-01 -8.672936374526667436e-01 -7.696526152226937922e-01
28 337 1.714557e+00 1.491693e+00 -1.022514661391836999e+00 -9.787765641284049689e-01 -8.665269710003183912e-01 -7.291928611138288607e-01
29 349 1.695006e+00 1.511349e+00 -1.022514661391836999e+00 -9.904688287731215901e-01 -8.605216147994230180e-01 -7.965517427297524877e-01
30 361 1.719316e+00 1.510733e+00 -1.022514661391836999e+00 -1.018435342011204225e+00 -8.832371002490686518e-01 -7.491970370841107840e-01
31 373 1.662988e+00 1.525185e+00 -1.022514661391836999e+00 -9.392761179894179024e-01 -8.452149491530605019e-01 -7.768803784414327618e-01
32 385 1.693450e+00 1.592557e+00 -1.022514661391836999e+00 -9.784985911149476356e-01 -8.662620515349130912e-01 -7.714052630826289114e-01
33 397 1.763917e+00 1.662317e+00 -1.022514661391836999e+00 -9.514379493311860836e-01 -8.611917857465916093e-01 -7.767831171336476714e-01
34 409 1.839827e+00 1.684933e+00 -1.022514661391836999e+00 -9.608106159294426130e-01 -8.670507689714774813e-01 -7.969161762513397029e-01
35 421 1.825233e+00 1.730406e+00 -1.022514661391836999e+00 -9.799460614781186907e-01 -9.304531811673319996e-01 -8.257278343668643661e-01
36 433 1.794524e+00 1.740370e+00 -1.048387906589462126e+00 -1.048387906589462126e+00 -9.543036129805355650e-01 -8.446998202014946999e-01
37 445 1.853946e+00 1.747981e+00 -1.048387906589462126e+00 -1.011943466111012713e+00 -9.649863196724843828e-01 -8.176273594333013373e-01
38 457 1.932132e+00 1.763357e+00 -1.048387906589462126e+00 -9.762772309455205466e-01 -9.210488697581116213e-01 -7.983328802871467733e-01
39 469 2.008787e+00 1.762777e+00 -1.048387906589462126e+00 -9.939887874918191812e-01 -8.754054825740680279e-01 -7.709587650624115662e-01
40 481 2.002886e+00 1.765892e+00 -1.048387906589462126e+00 -1.035170008256179885e+00 -8.968569736265836756e-01 -8.246486792982739011e-01
41 493 1.956628e+00 1.767059e+00 -1.048387906589462126e+00 -1.001769557704292435e+00 -9.216050819952139594e-01 -7.629265287528667061e-01
42 505 1.871248e+00 1.763556e+00 -1.048387906589462126e+00 -1.004792058697009383e+00 -9.286872390811304889e-01 -7.575304247795617840e-01
43 517 1.861833e+00 1.770775e+00 -1.063561673894819926e+00 -1.063561673894819926e+00 -9.601538767917567885e-01 -8.502537015188585956e-01
44 529 1.817131e+00 1.771878e+00 -1.063561673894819926e+00 -1.035792567703333278e+00 -9.458654818505236594e-01 -7.850396123159096851e-01
45 541 1.815130e+00 1.770664e+00 -1.063561673894819926e+00 -1.041151145176925530e+00 -9.489131465714917280e-01 -8.941818125350320390e-01
46 553 1.895281e+00 1.785987e+00 -1.063561673894819926e+00 -1.027619908674574534e+00 -9.360231306998241241e-01 -8.243536268861177962e-01
47 565 1.916668e+00 1.787321e+00 -1.063561673894819926e+00 -1.053187425545486056e+00 -9.634932956043841257e-01 -8.896121792425640828e-01
48 577 1.945452e+00 1.781186e+00 -1.063561673894819926e+00 -1.042971721925507023e+00 -9.047931115144435266e-01 -7.892919904301004541e-01
49 589 1.849643e+00 1.777473e+00 -1.063561673894819926e+00 -1.046287157689487213e+00 -9.376647552697695565e-01 -8.532991685075342891e-01
50 601 1.772662e+00 1.785518e+00 -1.063561673894819926e+00 -9.884735002679728710e-01 -8.955404802470504633e-01 -7.893060638460102085e-01
51 613 1.676122e+00 1.810362e+00 -1.063561673894819926e+00 -1.027895065466110536e+00 -9.391928347439582048e-01 -8.639166562390676596e-01
52 625 1.598512e+00 1.814799e+00 -1.063561673894819926e+00 -1.061466816376753775e+00 -9.917915050049678216e-01 -8.941775001179254057e-01
53 637 1.551514e+00 1.816410e+00 -1.063561673894819926e+00 -1.048931854531025332e+00 -9.483796120199807778e-01 -8.923378035423763510e-01
54 649 1.465209e+00 1.826014e+00 -1.080839747356260983e+00 -1.080839747356260983e+00 -9.626424065177926481e-01 -8.862398610129266219e-01
55 661 1.386340e+00 1.826840e+00 -1.080839747356260983e+00 -1.072672927640513363e+00 -9.300237703458283933e-01 -8.159110644714592242e-01
56 673 1.322186e+00 1.820710e+00 -1.080839747356260983e+00 -1.060663013106382335e+00 -9.673318422917396298e-01 -8.953563047973646105e-01
57 685 1.336940e+00 1.892339e+00 -1.095400630371069495e+00 -1.095400630371069495e+00 -1.024787844721158248e+00 -9.061148757477895943e-01
58 697 1.353471e+00 1.903621e+00 -1.095400630371069495e+00 -1.052978900802143514e+00 -9.679937844130246383e-01 -8.512836779561283596e-01
59 709 1.376066e+00 1.914977e+00 -1.095400630371069495e+00 -1.077586462014369584e+00 -9.566307982643197372e-01 -8.909915185717898201e-01
60 721 1.393810e+00 1.919751e+00 -1.095400630371069495e+00 -1.069948235922766555e+00 -1.011813214428896490e+00 -9.560903976984315156e-01
61 733 1.376189e+00 1.952246e+00 -1.095400630371069495e+00 -1.035990408111772121e+00 -9.842375043298985382e-01 -9.141633657871315322e-01
62 745 1.253552e+00 1.965691e+00 -1.105557483586810053e+00 -1.105557483586810053e+00 -1.006144184119091900e+00 -9.345058735554713225e-01
63 757 1.195950e+00 2.010258e+00 -1.105557483586810053e+00 -1.073991110836660656e+00 -1.016880879501310453e+00 -9.140398919409038481e-01
64 769 1.174448e+00 2.044114e+00 -1.111438666877953008e+00 -1.111438666877953008e+00 -1.016394727632369488e+00 -9.172274108551371485e-01
65 781 1.184000e+00 2.057965e+00 -1.147429251346214318e+00 -1.147429251346214318e+00 -1.003442771428131985e+00 -8.881460947061408095e-01
66 793 1.199643e+00 2.065480e+00 -1.147429251346214318e+00 -1.120471856774911457e+00 -9.807142682455727289e-01 -8.184081235929087095e-01
67 805 1.130354e+00 2.066715e+00 -1.147429251346214318e+00 -1.085946659552873728e+00 -9.981884545477177628e-01 -9.583814382991828751e-01
68 817 1.140266e+00 2.074809e+00 -1.147429251346214318e+00 -1.139975298433912432e+00 -1.000251568155360093e+00 -9.097209718634037268e-01
69 829 1.123096e+00 2.085508e+00 -1.147429251346214318e+00 -1.065212602169542722e+00 -1.014015976675948449e+00 -8.993185096850878635e-01
70 841 1.099785e+00 2.087914e+00 -1.147429251346214318e+00 -1.113221720523438929e+00 -1.015263516497229013e+00 -9.140771964200812283e-01
71 853 1.057389e+00 2.110330e+00 -1.147429251346214318e+00 -1.141973422986735542e+00 -1.042205979572904617e+00 -9.644823993049793653e-01
72 865 1.000781e+00 2.134064e+00 -1.147429251346214318e+00 -1.099955227231586452e+00 -1.057326333052764245e+00 -9.273999697574705214e-01
73 877 1.000594e+00 2.238577e+00 -1.158463351277772890e+00 -1.158463351277772890e+00 -1.038990335508641838e+00 -9.567800866964242257e-01
74 889 9.848281e-01 2.257259e+00 -1.207324774475683204e+00 -1.207324774475683204e+00 -1.040001605928004391e+00 -8.766627964071578294e-01
75 901 9.712498e-01 2.259106e+00 -1.207324774475683204e+00 -1.154995213267183685e+00 -1.056135886484187658e+00 -9.469616595903532774e-01
76 913 9.432635e-01 2.238695e+00 -1.207324774475683204e+00 -1.157460079894786054e+00 -1.094847500976823707e+00 -9.405868462472914970e-01
77 925 9.176824e-01 2.212880e+00 -1.207324774475683204e+00 -1.164549124677257463e+00 -1.069816715990820066e+00 -9.868801400317586126e-01
78 937 9.087843e-01 2.206915e+00 -1.207324774475683204e+00 -1.155879154360572203e+00 -1.051073978646329010e+00 -9.025011285492579027e-01
79 949 9.337234e-01 2.202214e+00 -1.207324774475683204e+00 -1.181003671051000126e+00 -1.055501925163203403e+00 -9.871552530319586127e-01
80 961 9.402910e-01 2.197550e+00 -1.207324774475683204e+00 -1.126198493590561123e+00 -1.104057862274205437e+00 -9.913136473526639181e-01
81 973 9.360777e-01 2.132549e+00 -1.207324774475683204e+00 -1.160347685572981513e+00 -1.075959200122518222e+00 -9.557235080895006840e-01
82 985 9.731774e-01 2.157194e+00 -1.207324774475683204e+00 -1.144681468890841547e+00 -1.054527166738308264e+00 -9.200776785210758035e-01
83 997 9.873142e-01 2.185194e+00 -1.207324774475683204e+00 -1.146875221362227748e+00 -1.059664313676567993e+00 -9.730130115723035766e-01
84 1009 9.499635e-01 2.204011e+00 -1.207324774475683204e+00 -1.099493293148802175e+00 -1.026346573905482451e+00 -9.093867988782734502e-01
85 1021 9.567399e-01 2.200053e+00 -1.207324774475683204e+00 -1.128606107750577348e+00 -1.035153863333540869e+00 -9.513794535913037143e-01
86 1033 9.647884e-01 2.220885e+00 -1.207324774475683204e+00 -1.054865126045295476e+00 -1.014454976166881739e+00 -9.164742014036286744e-01
87 1045 9.779306e-01 2.231706e+00 -1.207324774475683204e+00 -1.113706879739134514e+00 -9.675835185584845677e-01 -8.437563591786431116e-01
88 1057 9.426091e-01 2.235002e+00 -1.207324774475683204e+00 -1.137767256706453622e+00 -9.904901305364205433e-01 -9.196170613977302510e-01
89 1069 9.002484e-01 2.223422e+00 -1.207324774475683204e+00 -1.147547113532955798e+00 -1.024737613176839091e+00 -9.470865207704466382e-01
90 1081 8.744159e-01 2.214075e+00 -1.207324774475683204e+00 -1.105704538778432777e+00 -1.037859329237314832e+00 -9.740869959059822447e-01
91 1093 8.874430e-01 2.215644e+00 -1.207324774475683204e+00 -1.136303937767546346e+00 -1.029863215313311819e+00 -9.413928510606688338e-01
92 1105 9.193211e-01 2.248734e+00 -1.207324774475683204e+00 -1.148258398050763462e+00 -1.046182183580053326e+00 -9.567238857615376624e-01
93 1117 9.293001e-01 2.264313e+00 -1.207324774475683204e+00 -1.104899264675063941e+00 -1.023431916213250581e+00 -9.184967472245287867e-01
94 1129 8.696301e-01 2.266021e+00 -1.207324774475683204e+00 -1.125857450130619553e+00 -9.882346837740811907e-01 -9.165537719498415559e-01
95 1141 8.174575e-01 2.286797e+00 -1.207324774475683204e+00 -1.170729951778091804e+00 -1.021417483701734463e+00 -9.138369815085438663e-01
96 1153 7.933255e-01 2.255648e+00 -1.207324774475683204e+00 -1.160779361330288140e+00 -1.024123845802435095e+00 -9.847691342579257823e-01
97 1165 8.142556e-01 2.280803e+00 -1.207324774475683204e+00 -1.089693326430935194e+00 -1.022724877734039195e+00 -9.321942728847737447e-01
98 1177 8.405413e-01 2.283986e+00 -1.207324774475683204e+00 -1.102232410839925292e+00 -1.063378392021534058e+00 -9.867370945480878897e-01
99 1189 8.476256e-01 2.293270e+00 -1.207324774475683204e+00 -1.172392932879553928e+00 -1.049544665069024774e+00 -9.934650796873581990e-01
100 1201 8.323853e-01 2.287534e+00 -1.207324774475683204e+00 -1.164978395761856023e+00 -1.015959549975352649e+00 -9.603245213010260795e-01
101 1213 8.185225e-01 2.292032e+00 -1.207324774475683204e+00 -1.151370689936421332e+00 -1.078008757685621877e+00 -1.010019862347722119e+00
102 1225 8.256654e-01 2.289777e+00 -1.207324774475683204e+00 -1.142937235391212170e+00 -1.033245441202850889e+00 -9.593127825651027729e-01
103 1237 7.985691e-01 2.294122e+00 -1.207324774475683204e+00 -1.133335479937055634e+00 -1.072671072940253545e+00 -9.634058695313973963e-01
104 1249 8.349773e-01 2.291115e+00 -1.207324774475683204e+00 -1.098381682526700764e+00 -1.068259352654954863e+00 -9.746830503754900787e-01
105 1261 8.492067e-01 2.278634e+00 -1.207324774475683204e+00 -1.194447208413751405e+00 -1.022823416112372819e+00 -9.196648644291763874e-01
106 1273 9.287674e-01 2.286891e+00 -1.207324774475683204e+00 -1.104121675443119344e+00 -1.016554660376379315e+00 -9.328637453657137035e-01
107 1285 9.778687e-01 2.302597e+00 -1.207324774475683204e+00 -1.066755713741611489e+00 -1.009965216865692073e+00 -9.318012392702542668e-01
108 1297 9.929012e-01 2.314319e+00 -1.207324774475683204e+00 -1.028535589302179920e+00 -1.002501475595550806e+00 -9.149585358510654576e-01
109 1309 9.987709e-01 2.321060e+00 -1.207324774475683204e+00 -1.119475432208464127e+00 -1.028848326444308903e+00 -9.271601644149390919e-01
110 1321 9.950552e-01 2.300742e+00 -1.207324774475683204e+00 -1.108754967577154416e+00 -1.040560052857875339e+00 -9.425554809643301724e-01
111 1333 9.841221e-01 2.328064e+00 -1.207324774475683204e+00 -1.093423888480013151e+00 -1.040061809219848143e+00 -9.389268081688123546e-01
112 1345 9.896750e-01 2.297879e+00 -1.207324774475683204e+00 -1.103687395942717364e+00 -1.015984378537543087e+00 -8.980284593758890432e-01
113 1357 9.899530e-01 2.330343e+00 -1.207324774475683204e+00 -1.039969538808724669e+00 -9.951329225767118203e-01 -9.068146740157845276e-01
114 1369 9.847019e-01 2.363153e+00 -1.207324774475683204e+00 -1.169812422581663736e+00 -1.014461568230837774e+00 -8.744874706304062162e-01
115 1381 9.376040e-01 2.362199e+00 -1.207324774475683204e+00 -1.103459214230896102e+00 -1.011285354305910378e+00 -8.667281533548060191e-01
116 1393 9.786657e-01 2.328766e+00 -1.207324774475683204e+00 -1.160887786957065959e+00 -1.002750462840717338e+00 -9.136881421886001720e-01
117 1405 9.931249e-01 2.299029e+00 -1.207324774475683204e+00 -1.158755057341507078e+00 -1.054977570957362776e+00 -9.985779112241290889e-01
118 1417 9.499312e-01 2.296498e+00 -1.207324774475683204e+00 -1.132666025630786111e+00 -9.708383155499573647e-01 -9.053289013713887723e-01
119 1429 9.446339e-01 2.294891e+00 -1.207324774475683204e+00 -1.094039615940148202e+00 -1.010475932131537746e+00 -9.409555485032896627e-01
120 1441 9.569075e-01 2.266399e+00 -1.207324774475683204e+00 -1.027619113770131598e+00 -9.861565148430464500e-01 -9.339787284258068700e-01
121 1453 9.860556e-01 2.277137e+00 -1.207324774475683204e+00 -1.158930527088025020e+00 -1.050371549165600937e+00 -8.711103541112790172e-01
122 1465 1.037910e+00 2.306704e+00 -1.207324774475683204e+00 -1.094852325355772260e+00 -1.015239438870159550e+00 -9.272446821628524960e-01
123 1477 1.072850e+00 2.344120e+00 -1.207324774475683204e+00 -1.070247075679744642e+00 -9.656628005493506084e-01 -8.875659942323104179e-01
124 1489 1.058194e+00 2.331396e+00 -1.207324774475683204e+00 -1.085511543936888756e+00 -9.896291434368857942e-01 -9.363401822724304324e-01
125 1501 1.025440e+00 2.351454e+00 -1.207324774475683204e+00 -1.082358235059376561e+00 -9.437796488646097437e-01 -8.892557543661123720e-01
126 1513 9.631367e-01 2.383382e+00 -1.207324774475683204e+00 -1.086653358676114456e+00 -1.015600867067417923e+00 -9.549215652449690728e-01
127 1525 9.144322e-01 2.374499e+00 -1.207324774475683204e+00 -1.116419679966524914e+00 -1.005861871984796485e+00 -9.072998374798662002e-01
128 1537 8.266911e-01 2.377371e+00 -1.207324774475683204e+00 -1.105176467320420963e+00 -1.023149593507121757e+00 -9.483022631556210502e-01
129 1549 7.660459e-01 2.380908e+00 -1.207324774475683204e+00 -1.086800940196358756e+00 -1.013448649590699358e+00 -8.990010503680424536e-01
130 1561 7.023991e-01 2.370025e+00 -1.207324774475683204e+00 -1.151201733598547827e+00 -1.053501187426161945e+00 -9.263137014605554720e-01
131 1573 6.755662e-01 2.371497e+00 -1.207324774475683204e+00 -1.159847904677338226e+00 -1.022814730797893645e+00 -9.172102512249358242e-01
132 1585 6.452149e-01 2.362519e+00 -1.207324774475683204e+00 -1.132930758408390970e+00 -1.042703549772107996e+00 -9.271152975123507778e-01
133 1597 6.392936e-01 2.353012e+00 -1.207324774475683204e+00 -1.176376232704194447e+00 -1.059334134090349266e+00 -8.811937805595492224e-01
134 1609 6.162100e-01 2.382380e+00 -1.207324774475683204e+00 -1.156446657502116615e+00 -1.015082755125221503e+00 -9.137816521629629207e-01
135 1621 6.001736e-01 2.423426e+00 -1.207324774475683204e+00 -1.155935877944404888e+00 -1.058591799141671341e+00 -9.651123515459696378e-01
136 1633 5.838942e-01 2.485291e+00 -1.207324774475683204e+00 -1.177554122597026520e+00 -1.056037737517185437e+00 -9.586927783578292894e-01
137 1645 6.142507e-01 2.614934e+00 -1.207324774475683204e+00 -1.164689121016651896e+00 -1.083797018071970264e+00 -9.286183659832430992e-01
138 1657 6.462033e-01 2.739498e+00 -1.207324774475683204e+00 -1.141335602062388155e+00 -1.053729261230572423e+00 -9.305712603600777566e-01
139 1669 6.334596e-01 2.804796e+00 -1.207324774475683204e+00 -1.155810910904006450e+00 -1.040562362770150795e+00 -8.634179686029473944e-01
140 1681 6.244364e-01 2.819384e+00 -1.207324774475683204e+00 -1.197291671255505952e+00 -1.081756016072079163e+00 -9.812926942742319358e-01
141 1693 6.474219e-01 2.806458e+00 -1.207324774475683204e+00 -1.128321150989053834e+00 -1.057133490059080083e+00 -9.426614821097599739e-01
142 1705 6.682841e-01 2.794949e+00 -1.207324774475683204e+00 -1.176993756098607902e+00 -1.091715752410349349e+00 -9.668351090370554957e-01
143 1717 6.464889e-01 2.830742e+00 -1.207324774475683204e+00 -1.192897325069351089e+00 -1.110138357965656741e+00 -1.018801573058658816e+00
144 1729 6.112811e-01 2.840010e+00 -1.207324774475683204e+00 -1.158289538084718462e+00 -1.091449507977127364e+00 -9.966427082468517495e-01
145 1741 6.079227e-01 2.873399e+00 -1.207324774475683204e+00 -1.124497658497525920e+00 -1.050764516476393684e+00 -8.910267756549606899e-01
146 1753 6.001868e-01 2.868407e+00 -1.207324774475683204e+00 -1.189216287970928931e+00 -1.100517552461185655e+00 -1.000317324886353942e+00
147 1765 6.092929e-01 2.862998e+00 -1.207324774475683204e+00 -1.170218434908283811e+00 -1.085037556854757224e+00 -9.490714775087812916e-01
148 1777 6.405505e-01 2.918882e+00 -1.207324774475683204e+00 -1.140291443173983010e+00 -1.032440747056492469e+00 -9.341490351434973416e-01
149 1789 6.716037e-01 2.952537e+00 -1.207324774475683204e+00 -1.184274800629915081e+00 -1.118016780513310549e+00 -9.565062069682310764e-01
150 1801 6.989428e-01 2.975652e+00 -1.207324774475683204e+00 -1.161468325485025099e+00 -1.057176603398592540e+00 -9.623579884851908295e-01
151 1813 7.180825e-01 2.980265e+00 -1.207324774475683204e+00 -1.197506975738013679e+00 -1.092218645864191817e+00 -1.032289674736782903e+00
152 1825 7.272818e-01 3.023687e+00 -1.207324774475683204e+00 -1.151153138163425016e+00 -1.053471023539967355e+00 -9.747017735551894990e-01
153 1837 7.220714e-01 3.114566e+00 -1.207324774475683204e+00 -1.196407342090069603e+00 -1.087405684793666616e+00 -9.926198390010336770e-01
154 1849 7.442400e-01 3.171424e+00 -1.207324774475683204e+00 -1.186154831657261433e+00 -1.033347577246816140e+00 -9.244302482096503626e-01
155 1861 7.465075e-01 3.220801e+00 -1.207324774475683204e+00 -1.187464669011243368e+00 -1.032278546718293999e+00 -9.503063551170637391e-01
156 1873 7.489932e-01 3.242044e+00 -1.207324774475683204e+00 -1.168394942884242615e+00 -1.040524126268283833e+00 -9.793251750563565228e-01
157 1885 7.368861e-01 3.273063e+00 -1.207324774475683204e+00 -1.201272280769366763e+00 -1.079443445812058311e+00 -9.612235127584664029e-01
158 1897 7.255004e-01 3.278914e+00 -1.207324774475683204e+00 -1.176654043788697424e+00 -1.093406122894352794e+00 -9.392946094744394347e-01
159 1909 6.985240e-01 3.292940e+00 -1.207324774475683204e+00 -1.166169463909654480e+00 -1.070190444246222672e+00 -9.517915244063960278e-01
160 1921 6.952011e-01 3.324712e+00 -1.207324774475683204e+00 -1.138504126061395727e+00 -1.041905116707412260e+00 -9.447560109931216754e-01
161 1933 6.915579e-01 3.328611e+00 -1.207324774475683204e+00 -1.137488130117531915e+00 -1.053083546409177007e+00 -9.331150650242320266e-01
162 1945 6.788301e-01 3.345599e+00 -1.207324774475683204e+00 -1.147364885142404534e+00 -1.037177451191849897e+00 -9.161772822810360095e-01
163 1957 6.616537e-01 3.298883e+00 -1.207324774475683204e+00 -1.133755034546115814e+00 -1.056658752543792268e+00 -9.955143653965887740e-01
164 1969 6.756574e-01 3.321451e+00 -1.207324774475683204e+00 -1.166078736098758784e+00 -9.903277823797542734e-01 -8.803348770784297228e-01
165 1981 7.052481e-01 3.261932e+00 -1.207324774475683204e+00 -1.118776756828768093e+00 -1.056851276152494190e+00 -9.523308499882009448e-01
166 1993 6.722449e-01 3.255435e+00 -1.207324774475683204e+00 -1.131304999170882564e+00 -1.010511936978105485e+00 -9.231281233911072803e-01
167 2005 6.549670e-01 3.239932e+00 -1.207324774475683204e+00 -1.135215102040529223e+00 -1.069570373322593859e+00 -9.413006185045845742e-01
168 2017 6.328265e-01 3.197097e+00 -1.207324774475683204e+00 -1.106682552964634692e+00 -1.054938135612020211e+00 -9.765533866604514390e-01
169 2029 6.480567e-01 3.186096e+00 -1.207324774475683204e+00 -1.189834902836189201e+00 -1.022376158179248318e+00 -9.086497441397890507e-01
170 2041 6.953524e-01 3.212544e+00 -1.207324774475683204e+00 -1.115648545868499264e+00 -1.071091485665674581e+00 -9.754189515999552862e-01
171 2053 7.260958e-01 3.233921e+00 -1.207324774475683204e+00 -1.158008317995095959e+00 -1.095798257016022959e+00 -9.568479458222209910e-01
172 2065 7.381257e-01 3.248476e+00 -1.207324774475683204e+00 -1.144371760169703212e+00 -1.075049532020885934e+00 -9.425653080596311240e-01
173 2077 7.509910e-01 3.254909e+00 -1.207324774475683204e+00 -1.171749540780309351e+00 -1.049204501898835851e+00 -9.390254474728676470e-01
174 2089 7.870900e-01 3.247338e+00 -1.207324774475683204e+00 -1.121270387414971870e+00 -1.040417368134882725e+00 -9.652676535518543988e-01
175 2101 8.048689e-01 3.232782e+00 -1.207324774475683204e+00 -1.133167268685915996e+00 -1.021684830844309833e+00 -9.771779112055377636e-01
176 2113 8.160684e-01 3.206372e+00 -1.207324774475683204e+00 -1.145977326414894026e+00 -1.048069223742307265e+00 -9.522520315380305078e-01
177 2125 8.012089e-01 3.173495e+00 -1.207324774475683204e+00 -1.185122388807203109e+00 -1.096508830285944924e+00 -9.616177208719151048e-01
178 2137 7.868221e-01 3.168694e+00 -1.207324774475683204e+00 -1.160135161090740441e+00 -1.088815215651746993e+00 -9.884113907186923287e-01
179 2149 7.831115e-01 3.160390e+00 -1.207324774475683204e+00 -1.164781357448403831e+00 -1.070263845078448961e+00 -9.288760370679849387e-01
180 2161 7.448355e-01 3.187622e+00 -1.207324774475683204e+00 -1.206133137575811753e+00 -1.112462079143414773e+00 -9.862726003754915816e-01
181 2173 7.243912e-01 3.124618e+00 -1.207324774475683204e+00 -1.197784333598173712e+00 -1.096546472010392570e+00 -9.488274199528614616e-01
182 2185 6.798110e-01 3.119674e+00 -1.221448828765638206e+00 -1.221448828765638206e+00 -1.057636277169563321e+00 -1.037655120232516603e+00
183 2197 6.628474e-01 3.165358e+00 -1.221448828765638206e+00 -1.210684409941425788e+00 -1.031445998564611166e+00 -9.591384596334554535e-01
184 2209 6.306874e-01 3.158473e+00 -1.221448828765638206e+00 -1.141328058731434947e+00 -1.067825722842824954e+00 -9.859623806820436709e-01
185 2221 5.836366e-01 3.123138e+00 -1.221448828765638206e+00 -1.108229071497765617e+00 -1.035617003556315474e+00 -9.914837010537574935e-01
186 2233 5.777563e-01 3.197029e+00 -1.221448828765638206e+00 -1.196577469898412405e+00 -1.065030440930451183e+00 -9.916418208516771804e-01
187 2245 5.379238e-01 3.272243e+00 -1.224737661266245503e+00 -1.224737661266245503e+00 -1.109298030629864318e+00 -1.035007631780019643e+00
188 2257 5.241190e-01 3.257949e+00 -1.224737661266245503e+00 -1.115491538277980865e+00 -1.056116564073257713e+00 -9.964324660055207117e-01
189 2269 4.854224e-01 3.271726e+00 -1.224737661266245503e+00 -1.219862247761269280e+00 -1.096620073181058697e+00 -9.960539616677116515e-01
190 2281 4.406924e-01 3.252912e+00 -1.224737661266245503e+00 -1.217231513536785048e+00 -1.048173400576115633e+00 -9.552662899111210582e-01
191 2293 4.107177e-01 3.268280e+00 -1.224737661266245503e+00 -1.161515296070838810e+00 -1.097768279058068064e+00 -1.001130443954578508e+00
192 2305 3.955533e-01 3.296157e+00 -1.224737661266245503e+00 -1.150527183728144998e+00 -1.055528190098231844e+00 -9.456259379260663067e-01
193 2317 3.868485e-01 3.288961e+00 -1.224737661266245503e+00 -1.147775077692386070e+00 -1.081647334823779172e+00 -9.012103682693769491e-01
194 2329 3.539012e-01 3.301265e+00 -1.224737661266245503e+00 -1.181531727833398548e+00 -1.058454603416135953e+00 -9.742964751624022535e-01
195 2341 3.429261e-01 3.334201e+00 -1.224737661266245503e+00 -1.165677854359501220e+00 -1.096284949937957443e+00 -9.924953445524351547e-01
196 2353 3.390580e-01 3.332214e+00 -1.224737661266245503e+00 -1.200713621430166800e+00 -1.076901421731104591e+00 -9.676812587948321331e-01
197 2365 3.216442e-01 3.299290e+00 -1.224737661266245503e+00 -1.142937264391252317e+00 -1.083216703965312222e+00 -9.603579197421970859e-01
198 2377 3.057988e-01 3.294673e+00 -1.224737661266245503e+00 -1.174968823326797418e+00 -1.136421928436812667e+00 -9.889737941502231289e-01
199 2389 2.873173e-01 3.302197e+00 -1.224737661266245503e+00 -1.168454475148034577e+00 -1.097165087479979650e+00 -1.055596603325973826e+00
200 2401 2.820710e-01 3.308845e+00 -1.224737661266245503e+00 -1.182062478073777401e+00 -1.095273946717971514e+00 -1.005842414385146322e+00
201 2413 2.784705e-01 3.339320e+00 -1.224737661266245503e+00 -1.185829378652307753e+00 -1.091117719307940437e+00 -9.586642617516974996e-01
202 2425 2.694694e-01 3.400073e+00 -1.224737661266245503e+00 -1.169884149568269249e+00 -1.094752596816922274e+00 -9.645870043008256678e-01
203 2437 2.562492e-01 3.392563e+00 -1.224737661266245503e+00 -1.168925320414689439e+00 -1.118220961915483702e+00 -1.046911122640496794e+00
204 2449 2.428435e-01 3.372766e+00 -1.224737661266245503e+00 -1.180284696167006375e+00 -1.124653087909423865e+00 -9.913842586146517366e-01
205 2461 2.351516e-01 3.372501e+00 -1.224737661266245503e+00 -1.211733130188612950e+00 -1.142302754047665347e+00 -1.088798585635961214e+00
206 2473 2.315850e-01 3.361064e+00 -1.224737661266245503e+00 -1.184308391800100502e+00 -1.158383822491519055e+00 -1.088255945183952189e+00
207 2485 2.342663e-01 3.343012e+00 -1.224737661266245503e+00 -1.219685400233697647e+00 -1.164121134174803895e+00 -1.088563077936851364e+00
208 2497 2.344309e-01 3.340504e+00 -1.224737661266245503e+00 -1.223608421218199238e+00 -1.139008954273931451e+00 -9.697342597370189887e-01
209 2509 2.380239e-01 3.312925e+00 -1.224737661266245503e+00 -1.216755439314765042e+00 -1.170990138061987818e+00 -1.063121066071794907e+00
210 2521 2.444839e-01 3.303984e+00 -1.224737661266245503e+00 -1.213435796072529049e+00 -1.160098723446297608e+00 -1.088652585614864554e+00
211 2533 2.503499e-01 3.292551e+00 -1.224737661266245503e+00 -1.222491525432326087e+00 -1.134901784804792868e+00 -1.005340517115241417e+00
212 2545 2.528375e-01 3.296722e+00 -1.224737661266245503e+00 -1.215301372162938653e+00 -1.141160206101941021e+00 -1.074661376306428107e+00
213 2557 2.676777e-01 3.303881e+00 -1.224737661266245503e+00 -1.217750226538173219e+00 -1.141856339938814191e+00 -1.061373303319431916e+00
214 2569 3.074071e-01 3.292863e+00 -1.224737661266245503e+00 -1.186621408914699582e+00 -1.144039657352769579e+00 -1.107490260713508645e+00
215 2581 3.174672e-01 3.297804e+00 -1.224737661266245503e+00 -1.223179085368340413e+00 -1.127100841168106715e+00 -1.048483810856877696e+00
216 2593 3.235079e-01 3.303992e+00 -1.224737661266245503e+00 -1.186817806535189090e+00 -1.141128981910834117e+00 -1.057353016542308177e+00
217 2605 3.395622e-01 3.284075e+00 -1.224737661266245503e+00 -1.193935181600393358e+00 -1.134686102712247013e+00 -1.064428516942289349e+00
218 2617 3.436987e-01 3.286198e+00 -1.224737661266245503e+00 -1.221308091986440969e+00 -1.133136722482914305e+00 -1.060740149787198661e+00
219 2629 3.270348e-01 3.296442e+00 -1.229626931297452375e+00 -1.229626931297452375e+00 -1.109035110077682518e+00 -1.017237315325832059e+00
220 2641 3.240586e-01 3.294497e+00 -1.229626931297452375e+00 -1.227816678751618928e+00 -1.132912213495024023e+00 -1.013927880122268643e+00
221 2653 3.161410e-01 3.319596e+00 -1.229626931297452375e+00 -1.194009503076470802e+00 -1.146783217931861776e+00 -1.059260088970943370e+00
222 2665 3.035568e-01 3.334256e+00 -1.229626931297452375e+00 -1.186317238203260516e+00 -1.133162162396403883e+00 -1.054697631305458350e+00
223 2677 2.978123e-01 3.328743e+00 -1.229626931297452375e+00 -1.192345409258969147e+00 -1.143518496449622779e+00 -1.034734605412809261e+00
224 2689 2.847226e-01 3.359053e+00 -1.229626931297452375e+00 -1.223504750899983895e+00 -1.143644972782198455e+00 -9.798695538710888719e-01
225 2701 2.612342e-01 3.354156e+00 -1.229626931297452375e+00 -1.227335422042978630e+00 -1.150734498496335245e+00 -1.060871490229410963e+00
226 2713 2.566934e-01 3.304835e+00 -1.229626931297452375e+00 -1.189834850888447981e+00 -1.139352888899372029e+00 -1.097594070775240738e+00
227 2725 2.426293e-01 3.298918e+00 -1.229626931297452375e+00 -1.224292274748054465e+00 -1.182815462967164777e+00 -1.063649124557368708e+00
228 2737 2.438680e-01 3.297481e+00 -1.235981188407656139e+00 -1.235981188407656139e+00 -1.159908562584440528e+00 -1.104973356722585009e+00
229 2749 2.417120e-01 3.338671e+00 -1.235981188407656139e+00 -1.235540250955722286e+00 -1.165178054474721225e+00 -1.104840105749085977e+00
230 2761 2.498584e-01 3.351721e+00 -1.236093430249344483e+00 -1.236093430249344483e+00 -1.152361440602394538e+00 -1.099866820355698493e+00
231 2773 2.542604e-01 3.360216e+00 -1.239679337565691153e+00 -1.239679337565691153e+00 -1.134834775158426678e+00 -1.011825722171319386e+00
232 2785 2.475548e-01 3.359027e+00 -1.239679337565691153e+00 -1.239507778806073768e+00 -1.196424310816272207e+00 -1.006433480996749896e+00
233 2797 2.417686e-01 3.356929e+00 -1.239679337565691153e+00 -1.234047202250208253e+00 -1.162927706853901011e+00 -9.592253403191078887e-01
234 2809 2.272182e-01 3.361264e+00 -1.239679337565691153e+00 -1.232497506077237404e+00 -1.160851619879353258e+00 -1.007359831093855185e+00
235 2821 2.187843e-01 3.365655e+00 -1.239679337565691153e+00 -1.238069633381549739e+00 -1.136142699070205042e+00 -1.060106315558569490e+00
236 2833 2.022142e-01 3.384992e+00 -1.239679337565691153e+00 -1.233259166251247319e+00 -1.157035994984812355e+00 -1.036176931299182646e+00
237 2845 1.894032e-01 3.358014e+00 -1.239679337565691153e+00 -1.231429211876879259e+00 -1.190338593346275120e+00 -1.126483180022152419e+00
238 2857 1.774550e-01 3.356596e+00 -1.239679337565691153e+00 -1.233593171275391365e+00 -1.184491400780318227e+00 -1.059206486483870391e+00
239 2869 1.707925e-01 3.343718e+00 -1.239679337565691153e+00 -1.234627437277196593e+00 -1.196127025580322911e+00 -1.160739572540858244e+00
240 2881 1.785977e-01 3.381727e+00 -1.240252821193509769e+00 -1.240252821193509769e+00 -1.231789566188447482e+00 -1.113547944859614391e+00
241 2893 1.774016e-01 3.399873e+00 -1.240565545968866035e+00 -1.240565545968866035e+00 -1.201804587601679408e+00 -1.095643423038304309e+00
242 2905 1.742036e-01 3.396148e+00 -1.248359455847189992e+00 -1.248359455847189992e+00 -1.215551069097107639e+00 -1.154504981239212968e+00
243 2917 1.738050e-01 3.395089e+00 -1.248359455847189992e+00 -1.248056515208411543e+00 -1.236062753829781924e+00 -1.199319948693190918e+00
244 2929 1.713614e-01 3.394550e+00 -1.249890367066429642e+00 -1.249890367066429642e+00 -1.223803029318665025e+00 -1.188773897835863735e+00
245 2941 1.699666e-01 3.416959e+00 -1.255043740452709278e+00 -1.255043740452709278e+00 -1.206815966452085442e+00 -1.151481405524344082e+00
246 2953 1.612094e-01 3.404640e+00 -1.255043740452709278e+00 -1.247505208483027372e+00 -1.209679347188114651e+00 -1.154392899409111273e+00
247 2965 1.499677e-01 3.390899e+00 -1.255043740452709278e+00 -1.253238374547566591e+00 -1.208894440888690358e+00 -1.159360569511379113e+00
248 2977 1.440230e-01 3.318720e+00 -1.255043740452709278e+00 -1.251604039233317867e+00 -1.214505305250959566e+00 -1.166614367332810209e+00
249 2989 1.505871e-01 3.299282e+00 -1.255043740452709278e+00 -1.251693648021585892e+00 -1.216263061160369974e+00 -1.153518637197661345e+00
250 3001 1.534797e-01 3.269037e+00 -1.255043740452709278e+00 -1.254055816414151314e+00 -1.216059002078997864e+00 -1.151660685028489173e+00
251 3013 1.505678e-01 3.275676e+00 -1.255043740452709278e+00 -1.252330832151623552e+00 -1.205715531131200446e+00 -1.060658648992935049e+00
252 3025 1.449759e-01 3.267091e+00 -1.255043740452709278e+00 -1.250424734739823407e+00 -1.225843726476214313e+00 -1.116091702963959653e+00
253 3037 1.352537e-01 3.220602e+00 -1.255043740452709278e+00 -1.254435802676508782e+00 -1.244557250109313618e+00 -1.199468899965284274e+00
254 3049 1.248199e-01 3.244030e+00 -1.255043740452709278e+00 -1.252100034768520054e+00 -1.212617750400343253e+00 -1.096046442132050602e+00
255 3061 1.225736e-01 3.196758e+00 -1.255043740452709278e+00 -1.252399452313058381e+00 -1.248344801982179453e+00 -1.199509469826304464e+00
256 3073 1.208204e-01 3.186112e+00 -1.255043740452709278e+00 -1.252885539125454750e+00 -1.241972380955167710e+00 -1.178289973476188246e+00
257 3085 1.248420e-01 3.195867e+00 -1.255043740452709278e+00 -1.252579762904277194e+00 -1.234592410854043365e+00 -1.170145006203717752e+00
258 3097 1.231855e-01 3.205384e+00 -1.255043740452709278e+00 -1.252611180083953446e+00 -1.247282685082359066e+00 -1.205296993320276178e+00
259 3109 1.209589e-01 3.194362e+00 -1.255043740452709278e+00 -1.251858536656455190e+00 -1.249150524512986582e+00 -1.167036941799065142e+00
260 3121 1.190615e-01 3.186164e+00 -1.255043740452709278e+00 -1.253219876220714291e+00 -1.248499592796959767e+00 -1.201975271245522503e+00
261 3133 1.235180e-01 3.294042e+00 -1.255043740452709278e+00 -1.254755848739989910e+00 -1.249590144706616224e+00 -1.208612603779853023e+00
262 3145 1.261779e-01 3.316813e+00 -1.255127469647398852e+00 -1.255127469647398852e+00 -1.204185945715439798e+00 -1.152686112668506846e+00
263 3157 1.173738e-01 3.410387e+00 -1.258332619849483081e+00 -1.258332619849483081e+00 -1.202887268310855351e+00 -1.111723707683400564e+00
264 3169 1.118689e-01 3.427114e+00 -1.258332619849483081e+00 -1.257331135675156197e+00 -1.249412369151068125e+00 -1.203156042066023890e+00
265 3181 1.048285e-01 3.457090e+00 -1.258332619849483081e+00 -1.256034398780704997e+00 -1.252586950367027718e+00 -1.204786543696026335e+00
266 3193 1.018422e-01 3.462377e+00 -1.258332619849483081e+00 -1.257018769365291666e+00 -1.254328639688738090e+00 -1.144411802240664411e+00
267 3205 1.004681e-01 3.425052e+00 -1.258332619849483081e+00 -1.257857765876003064e+00 -1.252368108113600442e+00 -1.206036493393666920e+00
268 3217 9.203846e-02 3.466142e+00 -1.258332619849483081e+00 -1.255717506302689745e+00 -1.217925867043931021e+00 -1.158178914203285448e+00
269 3229 8.654605e-02 3.428377e+00 -1.258332619849483081e+00 -1.257046440027983492e+00 -1.253692538962619230e+00 -1.201686440114128729e+00
270 3241 8.581961e-02 3.408825e+00 -1.258332619849483081e+00 -1.257962251876221238e+00 -1.252121023750697670e+00 -1.180733835510346719e+00
271 3253 8.135271e-02 3.397771e+00 -1.259106014304068877e+00 -1.259106014304068877e+00 -1.251708467161589233e+00 -1.199193228510087028e+00
272 3265 8.038935e-02 3.416236e+00 -1.259106014304068877e+00 -1.258866059452979469e+00 -1.217225606767906143e+00 -1.181786417424381286e+00
273 3277 8.038664e-02 3.437441e+00 -1.259504678039992331e+00 -1.259504678039992331e+00 -1.255377300649341610e+00 -1.139239167646008077e+00
274 3289 7.535139e-02 3.435519e+00 -1.259504678039992331e+00 -1.258442607883494491e+00 -1.254625629573678847e+00 -1.202408760649310793e+00
275 3301 6.983259e-02 3.449766e+00 -1.259504678039992331e+00 -1.258891729346970800e+00 -1.256186248792188209e+00 -1.204327289318126937e+00
276 3313 6.599910e-02 3.445907e+00 -1.259504678039992331e+00 -1.258712330237983679e+00 -1.253758428324707408e+00 -1.203625493031377003e+00
277 3325 6.421674e-02 3.459974e+00 -1.259504678039992331e+00 -1.258661434817016644e+00 -1.254365144422820100e+00 -1.209824411268757949e+00
278 3337 6.260209e-02 3.469090e+00 -1.259504678039992331e+00 -1.259210754875609517e+00 -1.254588609125963927e+00 -1.208041181442787382e+00
279 3349 6.425952e-02 3.423295e+00 -1.260026359972933330e+00 -1.260026359972933330e+00 -1.256892480472655560e+00 -1.216421227004565120e+00
280 3361 6.288680e-02 3.412277e+00 -1.260872783958103316e+00 -1.260872783958103316e+00 -1.252847812458023125e+00 -1.151193349249435949e+00
281 3373 5.963771e-02 3.417185e+00 -1.260872783958103316e+00 -1.259835662828834524e+00 -1.234106805603012891e+00 -1.158548543144736875e+00
282 3385 5.687139e-02 3.430868e+00 -1.260872783958103316e+00 -1.260696333514158773e+00 -1.257876091991023459e+00 -1.210108569381509902e+00
283 3397 5.277177e-02 3.425461e+00 -1.260872783958103316e+00 -1.259842811441765464e+00 -1.251715973047641484e+00 -1.148450796584391753e+00
284 3409 5.132075e-02 3.417365e+00 -1.260872783958103316e+00 -1.259726362416815348e+00 -1.257743771138590150e+00 -1.211320240493527489e+00
285 3421 5.070760e-02 3.446028e+00 -1.260872783958103316e+00 -1.259402925948797325e+00 -1.258073401887406462e+00 -1.206174540761661751e+00
286 3433 4.948208e-02 3.459307e+00 -1.260872783958103316e+00 -1.259375439543610087e+00 -1.258166136766478704e+00 -1.210225408250342527e+00
287 3445 4.653494e-02 3.423945e+00 -1.260872783958103316e+00 -1.259852642279166490e+00 -1.257009379364589119e+00 -1.177138663247088601e+00
288 3457 4.238843e-02 3.417094e+00 -1.261042373771958047e+00 -1.261042373771958047e+00 -1.257421500904915224e+00 -1.172763809620938957e+00
289 3469 3.960714e-02 3.436650e+00 -1.261042373771958047e+00 -1.260215360214373526e+00 -1.255145374347001130e+00 -1.209481046258335191e+00
290 3481 3.823376e-02 3.442833e+00 -1.261042373771958047e+00 -1.259983748401068970e+00 -1.258992489717853935e+00 -1.217847577751675736e+00
291 3493 3.848245e-02 3.400148e+00 -1.261538081872487282e+00 -1.261538081872487282e+00 -1.259090432255644876e+00 -1.251704394889560534e+00
292 3505 3.644270e-02 3.400324e+00 -1.261638576826785929e+00 -1.261638576826785929e+00 -1.259793683563461553e+00 -1.219675187607548672e+00
293 3517 3.515884e-02 3.384949e+00 -1.261683354535925172e+00 -1.261683354535925172e+00 -1.260366636127324025e+00 -1.208836311167307276e+00
294 3529 3.539260e-02 3.377956e+00 -1.262125596539881656e+00 -1.262125596539881656e+00 -1.260924829952054349e+00 -1.211853340921955846e+00
295 3541 3.486873e-02 3.394583e+00 -1.262243761006795584e+00 -1.262243761006795584e+00 -1.260844918051654329e+00 -1.208866013279223939e+00
296 3553 3.310105e-02 3.380291e+00 -1.262683110444937862e+00 -1.262683110444937862e+00 -1.261121392614082737e+00 -1.210304967757206640e+00
297 3565 3.207043e-02 3.360121e+00 -1.262683110444937862e+00 -1.262350502560140919e+00 -1.252950536281423055e+00 -1.152076526177836069e+00
298 3577 3.144929e-02 3.357921e+00 -1.262683110444937862e+00 -1.262419215091942659e+00 -1.261603438070985739e+00 -1.212746680210127659e+00
299 3589 3.085675e-02 3.411712e+00 -1.262999803983523739e+00 -1.262999803983523739e+00 -1.261695865645830805e+00 -1.212775724124845800e+00
300 3601 3.024240e-02 3.431190e+00 -1.263237078765923949e+00 -1.263237078765923949e+00 -1.261461610337770267e+00 -1.144539557961547827e+00
