%  columns="iteration, evaluation, fitness, void, void, xrecentbest" (startseed=1, 2016/03/24 13:3:32.66)
1 13 -6.808307342425646835e-01 0 0 8.954574e+01 8.589688e+01 8.898920e+00 9.274532e+01 6.726117e+01 7.200544e+00 8.751459e+01 5.819374e+01 5.142989e+00 8.668273e+01 4.583079e+01 9.215910e+00 7.733544e+01 3.122570e+01 1.829598e+01 
2 25 -6.935931726495100369e-01 0 0 9.297457e+01 8.516209e+01 8.788700e+00 9.338473e+01 6.255781e+01 1.293780e+01 8.631061e+01 5.981559e+01 9.062973e+00 8.999410e+01 4.252239e+01 1.216882e+01 8.235053e+01 3.438063e+01 1.886865e+01 
3 37 -7.645180412495569122e-01 0 0 9.152834e+01 8.264713e+01 7.439832e+00 9.198246e+01 6.949197e+01 1.373256e+01 8.618550e+01 5.650957e+01 1.197590e+01 8.606580e+01 4.658094e+01 1.317074e+01 7.989167e+01 3.199346e+01 1.663838e+01 
4 49 -8.034480943284119103e-01 0 0 9.464149e+01 8.689307e+01 8.647958e+00 9.340362e+01 6.823975e+01 1.430885e+01 9.071633e+01 5.750736e+01 1.350788e+01 8.595537e+01 4.486328e+01 1.709635e+01 8.425875e+01 3.451847e+01 1.725769e+01 
5 61 -8.208264125754458629e-01 0 0 9.353897e+01 8.547550e+01 1.137610e+01 9.255919e+01 6.421888e+01 1.563367e+01 8.232413e+01 5.782492e+01 1.449291e+01 8.578035e+01 4.276280e+01 1.813709e+01 8.396494e+01 3.455411e+01 1.551113e+01 
6 73 -7.863775762387861246e-01 0 0 8.945874e+01 8.596605e+01 9.315135e+00 9.155283e+01 7.272419e+01 1.100961e+01 8.530911e+01 5.566927e+01 1.153483e+01 9.206080e+01 3.666182e+01 1.621115e+01 8.150867e+01 3.518470e+01 1.605595e+01 
7 85 -8.318643493533791622e-01 0 0 8.971029e+01 8.793270e+01 1.013716e+01 9.539948e+01 7.286450e+01 1.360101e+01 8.448124e+01 5.972125e+01 1.087902e+01 9.283254e+01 4.195134e+01 1.085186e+01 7.945670e+01 3.114607e+01 1.792506e+01 
8 97 -8.572093753124858662e-01 0 0 9.276987e+01 8.414513e+01 1.283550e+01 9.092289e+01 7.426538e+01 1.527452e+01 8.874036e+01 5.329386e+01 1.676434e+01 9.059845e+01 4.208603e+01 1.234076e+01 8.085859e+01 3.354457e+01 1.355139e+01 
9 109 -8.709081731692170925e-01 0 0 9.370528e+01 8.531129e+01 1.670312e+01 9.094424e+01 6.767270e+01 1.218374e+01 8.862425e+01 5.834910e+01 1.157769e+01 8.776302e+01 4.170259e+01 1.480750e+01 8.198720e+01 3.748679e+01 1.996744e+01 
10 121 -8.711945713496429544e-01 0 0 9.105229e+01 8.572456e+01 1.667871e+01 9.279952e+01 7.230087e+01 1.171554e+01 8.956823e+01 5.818169e+01 1.133775e+01 8.897934e+01 3.867777e+01 1.252980e+01 8.346630e+01 3.464455e+01 2.179341e+01 
11 133 -9.350516801555797120e-01 0 0 8.898136e+01 8.475286e+01 1.670524e+01 9.229525e+01 7.289734e+01 1.254323e+01 8.978049e+01 5.739021e+01 1.541524e+01 8.883010e+01 4.307050e+01 1.538188e+01 8.265129e+01 3.663887e+01 1.841897e+01 
12 145 -9.519122378687160380e-01 0 0 9.158402e+01 8.686602e+01 1.592993e+01 9.221148e+01 6.966133e+01 1.436702e+01 8.582759e+01 5.076902e+01 1.535921e+01 8.463769e+01 4.035573e+01 1.900260e+01 8.288768e+01 3.479004e+01 1.746881e+01 
13 157 -9.430482385271737877e-01 0 0 9.088451e+01 8.554109e+01 1.586414e+01 9.160933e+01 7.219472e+01 1.487398e+01 8.745089e+01 5.451752e+01 1.636163e+01 8.573934e+01 4.184946e+01 2.057016e+01 8.790516e+01 3.766126e+01 2.126322e+01 
14 169 -9.223182072148116140e-01 0 0 9.069034e+01 8.457564e+01 1.461586e+01 9.409571e+01 6.940109e+01 1.403069e+01 8.573050e+01 5.189543e+01 1.493800e+01 8.837080e+01 4.045945e+01 1.604799e+01 8.177135e+01 3.695964e+01 2.080858e+01 
15 181 -9.289855374109001751e-01 0 0 8.753056e+01 8.402734e+01 1.407975e+01 9.175120e+01 6.902135e+01 1.185832e+01 9.255386e+01 5.354975e+01 1.406239e+01 8.884060e+01 4.227413e+01 1.747808e+01 8.500441e+01 3.847105e+01 2.148652e+01 
16 193 -9.594453168628729323e-01 0 0 8.595312e+01 8.633472e+01 1.413943e+01 9.180939e+01 7.515278e+01 1.175381e+01 8.580178e+01 5.280353e+01 1.438044e+01 8.982636e+01 4.511814e+01 1.655514e+01 8.564521e+01 3.455665e+01 2.116445e+01 
17 205 -9.743276020993719699e-01 0 0 8.273410e+01 8.565527e+01 1.575232e+01 9.285057e+01 7.325159e+01 9.981623e+00 8.875431e+01 4.984312e+01 1.130890e+01 9.080169e+01 4.496316e+01 1.829433e+01 8.588288e+01 3.572962e+01 2.131273e+01 
18 217 -9.103712814868836212e-01 0 0 8.563403e+01 8.441661e+01 1.173185e+01 9.449924e+01 7.106184e+01 1.231511e+01 9.078393e+01 4.997964e+01 1.486028e+01 8.773842e+01 4.499127e+01 2.001011e+01 8.416713e+01 3.413286e+01 2.182287e+01 
19 229 -9.274744930286679123e-01 0 0 8.286532e+01 8.476904e+01 1.550428e+01 9.595235e+01 7.469470e+01 1.082463e+01 8.777083e+01 5.318698e+01 1.716718e+01 8.796659e+01 4.409058e+01 2.138388e+01 8.816251e+01 3.400678e+01 2.350179e+01 
20 241 -9.896462115436986950e-01 0 0 8.769145e+01 8.568958e+01 1.378583e+01 9.486148e+01 7.294929e+01 9.430966e+00 8.390786e+01 5.259864e+01 1.365777e+01 8.662675e+01 4.568875e+01 1.587709e+01 8.351801e+01 3.385789e+01 2.513300e+01 
21 253 -8.802872800495487038e-01 0 0 8.975618e+01 8.591226e+01 1.378654e+01 9.510334e+01 7.426607e+01 1.152230e+01 8.617669e+01 5.519310e+01 1.562859e+01 8.953013e+01 3.813548e+01 1.422512e+01 8.675057e+01 3.582232e+01 2.418665e+01 
22 265 -9.536492482262690640e-01 0 0 8.950998e+01 8.652800e+01 1.363315e+01 9.375142e+01 7.504282e+01 1.020737e+01 9.087300e+01 5.713630e+01 1.361845e+01 9.166978e+01 4.118461e+01 1.750108e+01 8.234447e+01 3.704392e+01 2.255736e+01 
23 277 -9.463685841774837071e-01 0 0 8.839868e+01 8.753959e+01 1.230096e+01 9.284955e+01 7.309506e+01 1.055843e+01 8.852919e+01 5.798657e+01 1.437664e+01 8.965219e+01 4.720659e+01 1.832440e+01 8.485040e+01 3.750777e+01 2.430473e+01 
24 289 -8.980728976093704796e-01 0 0 8.529721e+01 8.530783e+01 1.291867e+01 9.356098e+01 7.352184e+01 6.370799e+00 8.779193e+01 5.689462e+01 1.246710e+01 8.887807e+01 4.427726e+01 2.066236e+01 8.269483e+01 3.613846e+01 1.878350e+01 
25 301 -9.367531009384473251e-01 0 0 8.571981e+01 8.684120e+01 1.356625e+01 9.051856e+01 7.230929e+01 1.146284e+01 8.965003e+01 5.544512e+01 1.264371e+01 9.227200e+01 4.531693e+01 2.119513e+01 8.536727e+01 3.466687e+01 2.286729e+01 
26 313 -1.022514661391836999e+00 0 0 8.573699e+01 8.476211e+01 1.363161e+01 9.250273e+01 7.124429e+01 7.642081e+00 8.959385e+01 5.364322e+01 1.324077e+01 8.360434e+01 4.720987e+01 1.864865e+01 8.266785e+01 3.479754e+01 2.143224e+01 
27 325 -9.717462895803025136e-01 0 0 8.575279e+01 8.499829e+01 1.449108e+01 9.053705e+01 7.004797e+01 8.363750e+00 8.676446e+01 5.723348e+01 1.325415e+01 9.094664e+01 4.469657e+01 1.775980e+01 8.486207e+01 3.461069e+01 2.453746e+01 
28 337 -9.787765641284049689e-01 0 0 8.579618e+01 8.776286e+01 1.329559e+01 8.975937e+01 7.360337e+01 1.112178e+01 8.960791e+01 5.519227e+01 1.616672e+01 8.763089e+01 4.890547e+01 2.211580e+01 8.447495e+01 3.588789e+01 2.004950e+01 
29 349 -9.904688287731215901e-01 0 0 8.423615e+01 8.450577e+01 1.440767e+01 9.052497e+01 7.535682e+01 1.068101e+01 8.767179e+01 5.679253e+01 1.220108e+01 8.578795e+01 4.659053e+01 2.204279e+01 8.275785e+01 3.542426e+01 2.175037e+01 
30 361 -1.018435342011204225e+00 0 0 8.483458e+01 8.758691e+01 1.486857e+01 8.784568e+01 7.799244e+01 1.019806e+01 8.791585e+01 5.577638e+01 1.472367e+01 8.853117e+01 4.457584e+01 2.146877e+01 8.563898e+01 3.547231e+01 2.425214e+01 
31 373 -9.392761179894179024e-01 0 0 8.563456e+01 8.587757e+01 1.589408e+01 8.733575e+01 7.556800e+01 9.768483e+00 8.649753e+01 5.622739e+01 1.749909e+01 8.762813e+01 4.540988e+01 1.961958e+01 8.486164e+01 3.524791e+01 2.150129e+01 
32 385 -9.784985911149476356e-01 0 0 8.575616e+01 8.560875e+01 1.262365e+01 8.717636e+01 7.760534e+01 1.096147e+01 8.819250e+01 5.503732e+01 1.647783e+01 8.805826e+01 4.511885e+01 2.183741e+01 8.362138e+01 3.398131e+01 2.111877e+01 
33 397 -9.514379493311860836e-01 0 0 8.497685e+01 8.614739e+01 1.370137e+01 8.650393e+01 7.771755e+01 1.177885e+01 8.756265e+01 5.567768e+01 1.931804e+01 8.949488e+01 4.593392e+01 2.130812e+01 8.665589e+01 3.573592e+01 2.320175e+01 
34 409 -9.608106159294426130e-01 0 0 8.755560e+01 8.850570e+01 1.478690e+01 8.578197e+01 8.032797e+01 1.189712e+01 8.955946e+01 5.281463e+01 1.625645e+01 8.613791e+01 4.577530e+01 2.254373e+01 8.248005e+01 3.651760e+01 2.279782e+01 
35 421 -9.799460614781186907e-01 0 0 8.675293e+01 8.778551e+01 1.245027e+01 8.686798e+01 7.820388e+01 1.244513e+01 8.969785e+01 5.759918e+01 1.565205e+01 9.177450e+01 4.427249e+01 2.119625e+01 8.444982e+01 3.467704e+01 2.542037e+01 
36 433 -1.048387906589462126e+00 0 0 8.499828e+01 8.682169e+01 1.380781e+01 8.863238e+01 8.070581e+01 1.309479e+01 8.888692e+01 5.555845e+01 1.468592e+01 8.725574e+01 4.356265e+01 2.206399e+01 8.395207e+01 3.307879e+01 2.337894e+01 
37 445 -1.011943466111012713e+00 0 0 8.303161e+01 8.653069e+01 1.433432e+01 8.659635e+01 8.077911e+01 1.432161e+01 8.866952e+01 5.382610e+01 1.423338e+01 8.901117e+01 4.554355e+01 2.186569e+01 8.303539e+01 3.131089e+01 2.610543e+01 
38 457 -9.762772309455205466e-01 0 0 8.317814e+01 8.590826e+01 1.395129e+01 8.272505e+01 8.156191e+01 1.558529e+01 8.834802e+01 5.290038e+01 1.547699e+01 9.228904e+01 4.506938e+01 2.104862e+01 8.711342e+01 3.135234e+01 2.418340e+01 
39 469 -9.939887874918191812e-01 0 0 8.267215e+01 8.564826e+01 1.439798e+01 8.902086e+01 8.272027e+01 1.256573e+01 9.072440e+01 5.625917e+01 1.350132e+01 9.122038e+01 3.955372e+01 2.067237e+01 8.223920e+01 3.144991e+01 2.619011e+01 
40 481 -1.035170008256179885e+00 0 0 8.392158e+01 8.476115e+01 1.448074e+01 8.716481e+01 8.293172e+01 1.520516e+01 8.885779e+01 5.292678e+01 1.491282e+01 9.120565e+01 4.537667e+01 2.102820e+01 8.441851e+01 2.921467e+01 2.534042e+01 
41 493 -1.001769557704292435e+00 0 0 8.550714e+01 8.427025e+01 1.616674e+01 8.561358e+01 8.222528e+01 1.639720e+01 8.667363e+01 5.610679e+01 1.386187e+01 8.878315e+01 4.082665e+01 1.980183e+01 8.278543e+01 2.986337e+01 2.617183e+01 
42 505 -1.004792058697009383e+00 0 0 8.484121e+01 8.188428e+01 1.465335e+01 8.781681e+01 8.187770e+01 1.640070e+01 8.903965e+01 5.507159e+01 1.771995e+01 9.010690e+01 4.354510e+01 2.050065e+01 8.493605e+01 2.929543e+01 2.361663e+01 
43 517 -1.063561673894819926e+00 0 0 8.878346e+01 8.362811e+01 1.397051e+01 8.798725e+01 7.912520e+01 1.740992e+01 9.217923e+01 5.579490e+01 1.511728e+01 8.958773e+01 4.413939e+01 1.799888e+01 8.498531e+01 3.219420e+01 2.253563e+01 
44 529 -1.035792567703333278e+00 0 0 8.636224e+01 8.459021e+01 1.311079e+01 8.661194e+01 8.055819e+01 1.667541e+01 8.955340e+01 5.298677e+01 1.742007e+01 9.115434e+01 4.515922e+01 1.885429e+01 8.513982e+01 2.892541e+01 2.298402e+01 
45 541 -1.041151145176925530e+00 0 0 8.776473e+01 8.492498e+01 1.626029e+01 8.262394e+01 7.805950e+01 1.855306e+01 8.993616e+01 5.180858e+01 1.760573e+01 8.728257e+01 4.404596e+01 2.018456e+01 8.389618e+01 3.104632e+01 2.635055e+01 
46 553 -1.027619908674574534e+00 0 0 8.677937e+01 8.472904e+01 1.420102e+01 8.107078e+01 7.772011e+01 2.010884e+01 8.795776e+01 5.014327e+01 1.824657e+01 8.724466e+01 4.608727e+01 1.815431e+01 8.474699e+01 3.197399e+01 2.479622e+01 
47 565 -1.053187425545486056e+00 0 0 8.667280e+01 8.468827e+01 1.315049e+01 8.448991e+01 7.766077e+01 1.799605e+01 8.879880e+01 5.010126e+01 1.724063e+01 8.969831e+01 4.431859e+01 1.690088e+01 8.270070e+01 3.329736e+01 2.551262e+01 
48 577 -1.042971721925507023e+00 0 0 8.680901e+01 8.359558e+01 1.259667e+01 8.194450e+01 7.851725e+01 1.715207e+01 9.038794e+01 5.022958e+01 1.763925e+01 8.969890e+01 4.371700e+01 2.046321e+01 8.163937e+01 3.314354e+01 2.491832e+01 
49 589 -1.046287157689487213e+00 0 0 8.624944e+01 8.491888e+01 1.515221e+01 8.367940e+01 7.880756e+01 1.986023e+01 8.864353e+01 4.921721e+01 1.879770e+01 8.785149e+01 4.432796e+01 1.756823e+01 7.936249e+01 3.211440e+01 2.270401e+01 
50 601 -9.884735002679728710e-01 0 0 8.541159e+01 8.370860e+01 1.528188e+01 8.180600e+01 7.957415e+01 1.726067e+01 8.538042e+01 5.221127e+01 1.893562e+01 8.739402e+01 4.335368e+01 1.685648e+01 8.336324e+01 3.148121e+01 2.230689e+01 
51 613 -1.027895065466110536e+00 0 0 8.185609e+01 8.299581e+01 1.701206e+01 8.297631e+01 8.057415e+01 1.958488e+01 8.843584e+01 5.251005e+01 1.828477e+01 9.078790e+01 4.227788e+01 2.046759e+01 8.322397e+01 3.173748e+01 2.481173e+01 
52 625 -1.061466816376753775e+00 0 0 8.381834e+01 8.167607e+01 1.550624e+01 8.343943e+01 7.871736e+01 1.565681e+01 8.750116e+01 5.254373e+01 1.649285e+01 8.608578e+01 4.450686e+01 1.784555e+01 8.086085e+01 2.986610e+01 2.305244e+01 
53 637 -1.048931854531025332e+00 0 0 8.161942e+01 8.175805e+01 1.710295e+01 8.361244e+01 8.059743e+01 1.794456e+01 8.770931e+01 5.329372e+01 1.618635e+01 8.806200e+01 4.191543e+01 1.744500e+01 8.145358e+01 3.009035e+01 2.456960e+01 
54 649 -1.080839747356260983e+00 0 0 8.574268e+01 8.237229e+01 1.388341e+01 8.385047e+01 8.076375e+01 1.803973e+01 8.894976e+01 5.345337e+01 1.514036e+01 8.655328e+01 4.217728e+01 1.846842e+01 8.048157e+01 2.905006e+01 2.361677e+01 
55 661 -1.072672927640513363e+00 0 0 8.274150e+01 8.284843e+01 1.396004e+01 8.451060e+01 7.983370e+01 1.753375e+01 8.511924e+01 5.147646e+01 1.549725e+01 8.878581e+01 4.309765e+01 1.876327e+01 8.068982e+01 2.921670e+01 2.461170e+01 
56 673 -1.060663013106382335e+00 0 0 8.655807e+01 8.512176e+01 1.493590e+01 8.392181e+01 7.849631e+01 1.777701e+01 8.777494e+01 5.292066e+01 1.541949e+01 8.696326e+01 4.481678e+01 1.781881e+01 8.058029e+01 3.052740e+01 2.443654e+01 
57 685 -1.095400630371069495e+00 0 0 8.539442e+01 8.388787e+01 1.282392e+01 8.368561e+01 7.959498e+01 1.695400e+01 8.780905e+01 5.338172e+01 1.202925e+01 8.644625e+01 4.515660e+01 1.736206e+01 7.566825e+01 3.103823e+01 2.159840e+01 
58 697 -1.052978900802143514e+00 0 0 8.670456e+01 8.466355e+01 1.337601e+01 8.388402e+01 8.036252e+01 1.686482e+01 8.543267e+01 5.326574e+01 1.504855e+01 8.782123e+01 4.221187e+01 1.555232e+01 7.833855e+01 3.209266e+01 2.080840e+01 
59 709 -1.077586462014369584e+00 0 0 8.725706e+01 8.375151e+01 1.429145e+01 8.746240e+01 8.066264e+01 1.609356e+01 8.503757e+01 5.282202e+01 1.358464e+01 8.667582e+01 3.998203e+01 1.666524e+01 7.884681e+01 2.917702e+01 2.155882e+01 
60 721 -1.069948235922766555e+00 0 0 8.852614e+01 8.467300e+01 1.285082e+01 8.655252e+01 8.038858e+01 1.538908e+01 8.410609e+01 5.426547e+01 1.342542e+01 8.663859e+01 4.067059e+01 1.650980e+01 8.028235e+01 3.038992e+01 2.182157e+01 
61 733 -1.035990408111772121e+00 0 0 8.951183e+01 8.308600e+01 1.277529e+01 8.681622e+01 7.906544e+01 1.614770e+01 8.457351e+01 5.414172e+01 1.317379e+01 8.703614e+01 4.164709e+01 1.585027e+01 7.886231e+01 2.820286e+01 2.280683e+01 
62 745 -1.105557483586810053e+00 0 0 8.483011e+01 8.381849e+01 1.455918e+01 8.710270e+01 7.949931e+01 1.745785e+01 8.724895e+01 5.135231e+01 1.311053e+01 8.799464e+01 4.409826e+01 1.636435e+01 8.091857e+01 2.907853e+01 2.385855e+01 
63 757 -1.073991110836660656e+00 0 0 8.651998e+01 8.452531e+01 1.336684e+01 8.662193e+01 7.743614e+01 1.412129e+01 8.456983e+01 5.251153e+01 1.306471e+01 8.553268e+01 4.428834e+01 1.744300e+01 7.736255e+01 3.068544e+01 2.266308e+01 
64 769 -1.111438666877953008e+00 0 0 8.533330e+01 8.356734e+01 1.429103e+01 8.566970e+01 7.781815e+01 1.590866e+01 8.665475e+01 5.259397e+01 1.369917e+01 8.561415e+01 4.233361e+01 1.840690e+01 7.886766e+01 2.886178e+01 2.318237e+01 
65 781 -1.147429251346214318e+00 0 0 8.396630e+01 8.358574e+01 1.480323e+01 8.675521e+01 7.920124e+01 1.520483e+01 8.748626e+01 5.179257e+01 1.047222e+01 8.679631e+01 4.245386e+01 1.849871e+01 7.898893e+01 2.828729e+01 2.375816e+01 
66 793 -1.120471856774911457e+00 0 0 8.555894e+01 8.467128e+01 1.577011e+01 8.666962e+01 7.756932e+01 1.533506e+01 8.678843e+01 5.311218e+01 1.116116e+01 8.375373e+01 4.197639e+01 1.849664e+01 7.662347e+01 2.950651e+01 2.182388e+01 
67 805 -1.085946659552873728e+00 0 0 8.579979e+01 8.287717e+01 1.493490e+01 8.541018e+01 7.868253e+01 1.617151e+01 8.695876e+01 5.293187e+01 1.175194e+01 8.491560e+01 4.266209e+01 1.958273e+01 7.711145e+01 2.857196e+01 2.262118e+01 
68 817 -1.139975298433912432e+00 0 0 8.621570e+01 8.384251e+01 1.561731e+01 8.352133e+01 7.967985e+01 1.690407e+01 8.599966e+01 5.208599e+01 1.257034e+01 8.372128e+01 4.173876e+01 1.814104e+01 7.703595e+01 2.926170e+01 2.058164e+01 
69 829 -1.065212602169542722e+00 0 0 8.461469e+01 8.280959e+01 1.627042e+01 8.473850e+01 7.972416e+01 1.597315e+01 8.799545e+01 5.196379e+01 1.093003e+01 8.426810e+01 4.122261e+01 1.979293e+01 7.722896e+01 2.662430e+01 2.257410e+01 
70 841 -1.113221720523438929e+00 0 0 8.567546e+01 8.322999e+01 1.627171e+01 8.480968e+01 7.947642e+01 1.723460e+01 8.750315e+01 5.357491e+01 1.315113e+01 8.586740e+01 4.116305e+01 2.048838e+01 7.856468e+01 2.730234e+01 2.386616e+01 
71 853 -1.141973422986735542e+00 0 0 8.494174e+01 8.355868e+01 1.494280e+01 8.261109e+01 7.941145e+01 1.822977e+01 8.795431e+01 5.442629e+01 1.208981e+01 8.577363e+01 4.110739e+01 2.027232e+01 7.899110e+01 2.787353e+01 2.264342e+01 
72 865 -1.099955227231586452e+00 0 0 8.394592e+01 8.425239e+01 1.438277e+01 8.400786e+01 8.060525e+01 1.552973e+01 8.746672e+01 5.346812e+01 1.120748e+01 8.651861e+01 4.235984e+01 1.945129e+01 7.757094e+01 2.831522e+01 2.295534e+01 
73 877 -1.158463351277772890e+00 0 0 8.459431e+01 8.285887e+01 1.538731e+01 8.286057e+01 8.264768e+01 1.761314e+01 8.662915e+01 5.177201e+01 1.538422e+01 8.678626e+01 4.154314e+01 2.037790e+01 7.963850e+01 2.856097e+01 2.269590e+01 
74 889 -1.207324774475683204e+00 0 0 8.394272e+01 8.278607e+01 1.519713e+01 8.491163e+01 8.195512e+01 1.595401e+01 8.888403e+01 5.356129e+01 1.198168e+01 8.638640e+01 4.080047e+01 1.905609e+01 7.676714e+01 2.707366e+01 2.214552e+01 
75 901 -1.154995213267183685e+00 0 0 8.374638e+01 8.304561e+01 1.507806e+01 8.340097e+01 8.065216e+01 1.629311e+01 8.885542e+01 5.401373e+01 1.224335e+01 8.429584e+01 4.023059e+01 1.974014e+01 7.669605e+01 2.729945e+01 2.219532e+01 
76 913 -1.157460079894786054e+00 0 0 8.328491e+01 8.299228e+01 1.541709e+01 8.479732e+01 8.183339e+01 1.630974e+01 8.881293e+01 5.241915e+01 1.284237e+01 8.669653e+01 4.095403e+01 1.878497e+01 7.679812e+01 2.674397e+01 2.214868e+01 
77 925 -1.164549124677257463e+00 0 0 8.436851e+01 8.364656e+01 1.465931e+01 8.459834e+01 8.143172e+01 1.731909e+01 8.858927e+01 5.180654e+01 1.300451e+01 8.566028e+01 4.123835e+01 1.925286e+01 7.780860e+01 2.709797e+01 2.266704e+01 
78 937 -1.155879154360572203e+00 0 0 8.443239e+01 8.377943e+01 1.502887e+01 8.398786e+01 8.020410e+01 1.633885e+01 8.985633e+01 5.260076e+01 1.281527e+01 8.582220e+01 4.059159e+01 1.876017e+01 7.743804e+01 2.712217e+01 2.215100e+01 
79 949 -1.181003671051000126e+00 0 0 8.386612e+01 8.464872e+01 1.433471e+01 8.377467e+01 8.120096e+01 1.644232e+01 8.936277e+01 5.426916e+01 1.266490e+01 8.473615e+01 4.092329e+01 1.781284e+01 7.790535e+01 2.528589e+01 2.276249e+01 
80 961 -1.126198493590561123e+00 0 0 8.351073e+01 8.297630e+01 1.541550e+01 8.449874e+01 8.194675e+01 1.597436e+01 9.036214e+01 5.391800e+01 1.370163e+01 8.557514e+01 4.032253e+01 1.780246e+01 7.657715e+01 2.655150e+01 2.214260e+01 
81 973 -1.160347685572981513e+00 0 0 8.363060e+01 8.247334e+01 1.434032e+01 8.419056e+01 8.351666e+01 1.615214e+01 8.858099e+01 5.476603e+01 1.315160e+01 8.557663e+01 3.924559e+01 1.808863e+01 7.777530e+01 2.734511e+01 2.261883e+01 
82 985 -1.144681468890841547e+00 0 0 8.318829e+01 8.251724e+01 1.471831e+01 8.387932e+01 8.284059e+01 1.725065e+01 9.116831e+01 5.514689e+01 1.507826e+01 8.581404e+01 3.967981e+01 1.865271e+01 7.656743e+01 2.603926e+01 2.203234e+01 
83 997 -1.146875221362227748e+00 0 0 8.365398e+01 8.376506e+01 1.513374e+01 8.447916e+01 8.050432e+01 1.837258e+01 8.980343e+01 5.574893e+01 1.492513e+01 8.597189e+01 3.985098e+01 1.837743e+01 7.676705e+01 2.840992e+01 2.162512e+01 
84 1009 -1.099493293148802175e+00 0 0 8.371275e+01 8.301332e+01 1.400049e+01 8.442628e+01 8.244778e+01 1.737483e+01 9.058578e+01 5.460911e+01 1.427713e+01 8.698622e+01 4.011453e+01 1.781842e+01 7.598174e+01 2.718009e+01 2.253257e+01 
85 1021 -1.128606107750577348e+00 0 0 8.360488e+01 8.394954e+01 1.432837e+01 8.397162e+01 8.247119e+01 1.692121e+01 9.142536e+01 5.473598e+01 1.461473e+01 8.551812e+01 3.820457e+01 1.895662e+01 7.618768e+01 2.614400e+01 2.246475e+01 
86 1033 -1.054865126045295476e+00 0 0 8.262682e+01 8.379170e+01 1.371992e+01 8.515875e+01 8.351521e+01 1.780722e+01 9.109948e+01 5.450353e+01 1.579124e+01 8.684419e+01 3.753481e+01 1.872788e+01 7.668190e+01 2.670506e+01 2.158790e+01 
87 1045 -1.113706879739134514e+00 0 0 8.471807e+01 8.372860e+01 1.392010e+01 8.493179e+01 7.939447e+01 1.824936e+01 9.121816e+01 5.479931e+01 1.546337e+01 8.638000e+01 3.831838e+01 1.794406e+01 7.562443e+01 2.713360e+01 2.315410e+01 
88 1057 -1.137767256706453622e+00 0 0 8.311684e+01 8.387937e+01 1.431678e+01 8.464587e+01 8.050762e+01 1.675985e+01 8.980215e+01 5.439277e+01 1.610638e+01 8.565860e+01 3.950142e+01 1.827386e+01 7.604056e+01 2.744985e+01 2.174849e+01 
89 1069 -1.147547113532955798e+00 0 0 8.371719e+01 8.472676e+01 1.574426e+01 8.463246e+01 8.120928e+01 1.773817e+01 9.061081e+01 5.454448e+01 1.674082e+01 8.518481e+01 3.836466e+01 1.912653e+01 7.692695e+01 2.719712e+01 2.224027e+01 
90 1081 -1.105704538778432777e+00 0 0 8.222729e+01 8.280274e+01 1.543249e+01 8.456323e+01 8.159044e+01 1.564403e+01 9.069797e+01 5.559586e+01 1.524474e+01 8.625220e+01 3.893675e+01 1.932577e+01 7.760156e+01 2.598154e+01 2.304047e+01 
91 1093 -1.136303937767546346e+00 0 0 8.172133e+01 8.352089e+01 1.621178e+01 8.329580e+01 8.040002e+01 1.648484e+01 8.957342e+01 5.433336e+01 1.516662e+01 8.500136e+01 3.950761e+01 1.918916e+01 7.782159e+01 2.739611e+01 2.255551e+01 
92 1105 -1.148258398050763462e+00 0 0 8.123528e+01 8.252120e+01 1.634509e+01 8.495752e+01 7.973433e+01 1.518111e+01 8.970946e+01 5.504451e+01 1.418420e+01 8.453425e+01 3.890234e+01 1.897063e+01 7.770760e+01 2.609813e+01 2.293820e+01 
93 1117 -1.104899264675063941e+00 0 0 8.023192e+01 8.195538e+01 1.609600e+01 8.406190e+01 8.038402e+01 1.600720e+01 8.989594e+01 5.342844e+01 1.348284e+01 8.585972e+01 3.882920e+01 1.830540e+01 7.793639e+01 2.605940e+01 2.218235e+01 
94 1129 -1.125857450130619553e+00 0 0 8.248826e+01 8.162501e+01 1.579843e+01 8.372928e+01 8.000229e+01 1.681067e+01 9.015517e+01 5.311739e+01 1.489274e+01 8.352935e+01 3.905267e+01 1.884482e+01 7.672159e+01 2.540349e+01 2.219852e+01 
95 1141 -1.170729951778091804e+00 0 0 8.278012e+01 8.230104e+01 1.559164e+01 8.461026e+01 8.068269e+01 1.725592e+01 9.089408e+01 5.449000e+01 1.594804e+01 8.460274e+01 3.823381e+01 1.958308e+01 7.767625e+01 2.534263e+01 2.231559e+01 
96 1153 -1.160779361330288140e+00 0 0 8.379895e+01 8.286695e+01 1.574553e+01 8.457549e+01 7.972685e+01 1.602351e+01 8.979153e+01 5.534816e+01 1.472310e+01 8.540407e+01 3.986071e+01 1.807910e+01 7.782798e+01 2.527853e+01 2.249535e+01 
97 1165 -1.089693326430935194e+00 0 0 8.356096e+01 8.207092e+01 1.536988e+01 8.414600e+01 7.804066e+01 1.732036e+01 9.096542e+01 5.426667e+01 1.464009e+01 8.381343e+01 3.876817e+01 1.856913e+01 7.551945e+01 2.517110e+01 2.234855e+01 
98 1177 -1.102232410839925292e+00 0 0 8.351596e+01 8.250626e+01 1.658139e+01 8.443435e+01 7.736954e+01 1.786972e+01 8.954195e+01 5.506374e+01 1.615806e+01 8.393920e+01 3.879643e+01 1.880927e+01 7.733611e+01 2.640470e+01 2.271902e+01 
99 1189 -1.172392932879553928e+00 0 0 8.251011e+01 8.291797e+01 1.592947e+01 8.313405e+01 7.880956e+01 1.812881e+01 9.072325e+01 5.285219e+01 1.737552e+01 8.363766e+01 3.873883e+01 2.016074e+01 7.787892e+01 2.534927e+01 2.269059e+01 
100 1201 -1.164978395761856023e+00 0 0 8.278723e+01 8.268916e+01 1.594329e+01 8.355454e+01 7.852104e+01 1.803932e+01 9.016795e+01 5.359917e+01 1.707550e+01 8.480126e+01 3.999696e+01 1.875706e+01 7.818483e+01 2.532899e+01 2.109195e+01 
101 1213 -1.151370689936421332e+00 0 0 8.374177e+01 8.251737e+01 1.551036e+01 8.456550e+01 7.822187e+01 1.748451e+01 9.199497e+01 5.344995e+01 1.680480e+01 8.524016e+01 3.903392e+01 1.958136e+01 7.692321e+01 2.603649e+01 2.179896e+01 
102 1225 -1.142937235391212170e+00 0 0 8.349531e+01 8.240718e+01 1.654778e+01 8.458872e+01 7.985005e+01 1.703292e+01 9.174462e+01 5.394703e+01 1.671062e+01 8.597459e+01 3.897041e+01 1.963811e+01 7.667670e+01 2.537064e+01 2.167392e+01 
103 1237 -1.133335479937055634e+00 0 0 8.277604e+01 8.348523e+01 1.614534e+01 8.381377e+01 7.952347e+01 1.695470e+01 9.023918e+01 5.312198e+01 1.665927e+01 8.470847e+01 3.827295e+01 2.025646e+01 7.775163e+01 2.582459e+01 2.142980e+01 
104 1249 -1.098381682526700764e+00 0 0 8.283094e+01 8.383220e+01 1.522067e+01 8.519863e+01 8.026779e+01 1.583426e+01 9.168958e+01 5.305811e+01 1.614358e+01 8.541916e+01 3.915344e+01 2.002906e+01 7.652889e+01 2.603217e+01 2.091442e+01 
105 1261 -1.194447208413751405e+00 0 0 8.256555e+01 8.472081e+01 1.580686e+01 8.480945e+01 7.880487e+01 1.778707e+01 9.191918e+01 5.267475e+01 1.631088e+01 8.625186e+01 3.976299e+01 1.935779e+01 7.791411e+01 2.649826e+01 2.154219e+01 
106 1273 -1.104121675443119344e+00 0 0 8.193563e+01 8.474416e+01 1.596179e+01 8.418842e+01 7.954036e+01 1.726275e+01 9.282227e+01 5.213340e+01 1.659658e+01 8.613581e+01 3.962353e+01 1.961395e+01 7.697816e+01 2.601108e+01 2.021579e+01 
107 1285 -1.066755713741611489e+00 0 0 8.238876e+01 8.371281e+01 1.506264e+01 8.586128e+01 8.059131e+01 1.734585e+01 9.326805e+01 5.280009e+01 1.547514e+01 8.637859e+01 4.112061e+01 1.881141e+01 7.685737e+01 2.661048e+01 2.068536e+01 
108 1297 -1.028535589302179920e+00 0 0 8.049562e+01 8.390759e+01 1.641611e+01 8.623081e+01 8.099047e+01 1.768982e+01 9.413198e+01 5.436052e+01 1.455897e+01 8.678349e+01 3.875611e+01 1.972599e+01 7.681481e+01 2.704422e+01 2.167967e+01 
109 1309 -1.119475432208464127e+00 0 0 8.163737e+01 8.465800e+01 1.532858e+01 8.696961e+01 8.098455e+01 1.700400e+01 9.351454e+01 5.323385e+01 1.359894e+01 8.599215e+01 3.847054e+01 1.928588e+01 7.523040e+01 2.676036e+01 2.040799e+01 
110 1321 -1.108754967577154416e+00 0 0 8.004378e+01 8.368587e+01 1.683620e+01 8.583335e+01 8.079799e+01 1.657530e+01 9.273274e+01 5.362986e+01 1.407402e+01 8.550115e+01 3.837661e+01 1.916627e+01 7.658012e+01 2.882056e+01 2.200386e+01 
111 1333 -1.093423888480013151e+00 0 0 8.213014e+01 8.547205e+01 1.568907e+01 8.557084e+01 8.177263e+01 1.597581e+01 9.294746e+01 5.271368e+01 1.231419e+01 8.672601e+01 3.869180e+01 1.894383e+01 7.599072e+01 2.786866e+01 2.058611e+01 
112 1345 -1.103687395942717364e+00 0 0 8.193260e+01 8.385367e+01 1.647546e+01 8.572009e+01 7.939891e+01 1.691662e+01 9.372151e+01 5.237481e+01 1.273074e+01 8.580279e+01 3.804071e+01 1.934519e+01 7.647243e+01 2.745029e+01 2.062377e+01 
113 1357 -1.039969538808724669e+00 0 0 8.214266e+01 8.514121e+01 1.623646e+01 8.555969e+01 8.156510e+01 1.722177e+01 9.346623e+01 5.413582e+01 1.386378e+01 8.885364e+01 3.689149e+01 1.829719e+01 7.673167e+01 2.784888e+01 1.977183e+01 
114 1369 -1.169812422581663736e+00 0 0 8.368088e+01 8.587917e+01 1.589673e+01 8.562345e+01 8.157292e+01 1.602632e+01 9.193372e+01 5.429528e+01 1.094342e+01 8.768982e+01 3.861171e+01 1.723603e+01 7.582070e+01 2.789832e+01 2.114211e+01 
115 1381 -1.103459214230896102e+00 0 0 8.194227e+01 8.472883e+01 1.708966e+01 8.550283e+01 7.943271e+01 1.714006e+01 9.152412e+01 5.268664e+01 1.428524e+01 8.812670e+01 3.844239e+01 1.785802e+01 7.753811e+01 2.777347e+01 2.213905e+01 
116 1393 -1.160887786957065959e+00 0 0 8.181889e+01 8.409929e+01 1.759335e+01 8.493046e+01 8.088583e+01 1.693344e+01 9.178926e+01 5.389349e+01 1.454903e+01 8.652222e+01 3.793248e+01 1.772249e+01 7.668443e+01 2.634523e+01 2.186657e+01 
117 1405 -1.158755057341507078e+00 0 0 7.993409e+01 8.496665e+01 1.808051e+01 8.351430e+01 8.182861e+01 1.689800e+01 9.073135e+01 5.340317e+01 1.389314e+01 8.714961e+01 3.833251e+01 1.933162e+01 7.669219e+01 2.623866e+01 2.217236e+01 
118 1417 -1.132666025630786111e+00 0 0 8.082949e+01 8.457280e+01 1.782130e+01 8.481895e+01 8.065281e+01 1.645621e+01 9.114297e+01 5.412783e+01 1.367314e+01 8.665787e+01 3.755123e+01 1.840105e+01 7.646383e+01 2.640957e+01 2.229703e+01 
119 1429 -1.094039615940148202e+00 0 0 8.043109e+01 8.467876e+01 1.728612e+01 8.375399e+01 8.225785e+01 1.742477e+01 9.080800e+01 5.356507e+01 1.407288e+01 8.703577e+01 3.780801e+01 1.778761e+01 7.785395e+01 2.630607e+01 2.224804e+01 
120 1441 -1.027619113770131598e+00 0 0 8.019111e+01 8.452308e+01 1.736564e+01 8.431460e+01 8.198099e+01 1.676572e+01 9.030781e+01 5.342287e+01 1.470059e+01 8.805547e+01 3.676011e+01 1.800033e+01 7.762997e+01 2.604879e+01 2.273923e+01 
121 1453 -1.158930527088025020e+00 0 0 8.093520e+01 8.479878e+01 1.738025e+01 8.575015e+01 8.355275e+01 1.653920e+01 9.156710e+01 5.446985e+01 1.504240e+01 8.680563e+01 3.855364e+01 1.816274e+01 7.776778e+01 2.548826e+01 2.244585e+01 
122 1465 -1.094852325355772260e+00 0 0 8.145505e+01 8.488601e+01 1.644088e+01 8.652447e+01 8.179548e+01 1.614130e+01 9.155720e+01 5.391310e+01 1.378421e+01 8.686287e+01 3.759252e+01 1.873349e+01 7.626770e+01 2.461518e+01 2.066800e+01 
123 1477 -1.070247075679744642e+00 0 0 8.112692e+01 8.474948e+01 1.743227e+01 8.587583e+01 8.368835e+01 1.774849e+01 9.198439e+01 5.508223e+01 1.673677e+01 8.888276e+01 3.615266e+01 1.690832e+01 7.755342e+01 2.570662e+01 2.010966e+01 
124 1489 -1.085511543936888756e+00 0 0 7.984267e+01 8.397288e+01 1.650759e+01 8.426437e+01 8.384220e+01 1.551432e+01 9.275422e+01 5.383588e+01 1.530698e+01 8.799064e+01 3.784462e+01 1.811250e+01 7.693267e+01 2.530618e+01 1.984342e+01 
125 1501 -1.082358235059376561e+00 0 0 8.092480e+01 8.608422e+01 1.607949e+01 8.773340e+01 8.130702e+01 1.532246e+01 9.163068e+01 5.376062e+01 1.358461e+01 8.751783e+01 3.801472e+01 1.945089e+01 7.841914e+01 2.531620e+01 2.065480e+01 
126 1513 -1.086653358676114456e+00 0 0 8.262950e+01 8.629429e+01 1.566948e+01 8.648728e+01 8.090967e+01 1.744972e+01 9.170184e+01 5.448018e+01 1.292173e+01 8.780658e+01 3.786615e+01 1.769181e+01 7.714220e+01 2.548192e+01 2.108076e+01 
127 1525 -1.116419679966524914e+00 0 0 8.196711e+01 8.558280e+01 1.593685e+01 8.488022e+01 8.273067e+01 1.681065e+01 9.285119e+01 5.442983e+01 1.571158e+01 8.744736e+01 3.781465e+01 1.876994e+01 7.727447e+01 2.428553e+01 2.066630e+01 
128 1537 -1.105176467320420963e+00 0 0 8.202608e+01 8.553330e+01 1.653479e+01 8.586496e+01 8.300759e+01 1.575720e+01 9.197010e+01 5.414657e+01 1.391469e+01 8.738535e+01 3.795850e+01 1.819750e+01 7.690990e+01 2.502944e+01 2.089176e+01 
129 1549 -1.086800940196358756e+00 0 0 8.180402e+01 8.425623e+01 1.655654e+01 8.567558e+01 8.184115e+01 1.572589e+01 9.052606e+01 5.456854e+01 1.485811e+01 8.705195e+01 3.687201e+01 1.800809e+01 7.650362e+01 2.476873e+01 2.117776e+01 
130 1561 -1.151201733598547827e+00 0 0 8.132287e+01 8.461665e+01 1.587553e+01 8.583728e+01 8.288118e+01 1.526281e+01 9.143203e+01 5.484802e+01 1.432963e+01 8.782735e+01 3.746058e+01 1.761949e+01 7.673690e+01 2.410700e+01 2.028514e+01 
131 1573 -1.159847904677338226e+00 0 0 8.161415e+01 8.514332e+01 1.618831e+01 8.557278e+01 8.275236e+01 1.521253e+01 9.059325e+01 5.380562e+01 1.361965e+01 8.627064e+01 3.772895e+01 1.738503e+01 7.677560e+01 2.425920e+01 2.012591e+01 
132 1585 -1.132930758408390970e+00 0 0 8.182263e+01 8.552757e+01 1.624934e+01 8.612457e+01 8.331162e+01 1.631710e+01 9.176084e+01 5.413861e+01 1.367681e+01 8.692963e+01 3.658129e+01 1.831078e+01 7.662720e+01 2.441966e+01 2.071872e+01 
133 1597 -1.176376232704194447e+00 0 0 8.153795e+01 8.534083e+01 1.639705e+01 8.472129e+01 8.275661e+01 1.547972e+01 9.089082e+01 5.361284e+01 1.362706e+01 8.595777e+01 3.665683e+01 1.769510e+01 7.696356e+01 2.347452e+01 2.056532e+01 
134 1609 -1.156446657502116615e+00 0 0 8.175163e+01 8.484892e+01 1.617438e+01 8.459132e+01 8.218320e+01 1.541947e+01 9.091373e+01 5.325031e+01 1.394418e+01 8.552634e+01 3.782206e+01 1.791744e+01 7.608913e+01 2.404277e+01 2.074717e+01 
135 1621 -1.155935877944404888e+00 0 0 8.156984e+01 8.483183e+01 1.589816e+01 8.557897e+01 8.195565e+01 1.493547e+01 9.014804e+01 5.308077e+01 1.376411e+01 8.555353e+01 3.794921e+01 1.701616e+01 7.597368e+01 2.332776e+01 2.065708e+01 
136 1633 -1.177554122597026520e+00 0 0 8.279037e+01 8.520456e+01 1.607803e+01 8.492121e+01 8.269733e+01 1.475813e+01 9.039782e+01 5.339564e+01 1.348552e+01 8.564804e+01 3.817585e+01 1.752454e+01 7.668729e+01 2.420667e+01 2.041927e+01 
137 1645 -1.164689121016651896e+00 0 0 8.273310e+01 8.580001e+01 1.664848e+01 8.482387e+01 8.133935e+01 1.543632e+01 8.993352e+01 5.335622e+01 1.214964e+01 8.448404e+01 3.784000e+01 1.783773e+01 7.652453e+01 2.440633e+01 2.113582e+01 
138 1657 -1.141335602062388155e+00 0 0 8.218364e+01 8.468792e+01 1.578213e+01 8.564842e+01 8.120339e+01 1.450563e+01 8.964599e+01 5.308454e+01 1.223649e+01 8.473818e+01 3.759396e+01 1.805592e+01 7.622680e+01 2.413897e+01 1.981674e+01 
139 1669 -1.155810910904006450e+00 0 0 8.199470e+01 8.469757e+01 1.633626e+01 8.560114e+01 8.144558e+01 1.493517e+01 8.979253e+01 5.355102e+01 1.165024e+01 8.506622e+01 3.661555e+01 1.780623e+01 7.570720e+01 2.422927e+01 2.052681e+01 
140 1681 -1.197291671255505952e+00 0 0 8.269366e+01 8.458810e+01 1.578574e+01 8.575533e+01 8.041321e+01 1.446808e+01 8.959426e+01 5.336563e+01 1.226373e+01 8.491833e+01 3.703258e+01 1.779410e+01 7.681710e+01 2.428135e+01 2.095349e+01 
141 1693 -1.128321150989053834e+00 0 0 8.386606e+01 8.505504e+01 1.547415e+01 8.549778e+01 8.102327e+01 1.533486e+01 8.960588e+01 5.323073e+01 1.136682e+01 8.479682e+01 3.727029e+01 1.755082e+01 7.667844e+01 2.438679e+01 2.115508e+01 
142 1705 -1.176993756098607902e+00 0 0 8.267522e+01 8.475610e+01 1.527300e+01 8.494393e+01 8.246581e+01 1.527116e+01 9.077779e+01 5.289031e+01 1.121277e+01 8.559083e+01 3.723657e+01 1.762531e+01 7.673038e+01 2.499130e+01 2.052863e+01 
143 1717 -1.192897325069351089e+00 0 0 8.277852e+01 8.451920e+01 1.596212e+01 8.582742e+01 8.286663e+01 1.544136e+01 9.090558e+01 5.349869e+01 1.330851e+01 8.563723e+01 3.663121e+01 1.707108e+01 7.624808e+01 2.402207e+01 1.997469e+01 
144 1729 -1.158289538084718462e+00 0 0 8.288760e+01 8.455024e+01 1.583802e+01 8.558876e+01 8.162470e+01 1.530094e+01 9.062596e+01 5.316236e+01 1.181413e+01 8.475080e+01 3.709766e+01 1.737551e+01 7.644311e+01 2.376489e+01 2.060752e+01 
145 1741 -1.124497658497525920e+00 0 0 8.257424e+01 8.466242e+01 1.609703e+01 8.556389e+01 8.251401e+01 1.604651e+01 9.111590e+01 5.331159e+01 1.247262e+01 8.510866e+01 3.699013e+01 1.719759e+01 7.656552e+01 2.580916e+01 2.072238e+01 
146 1753 -1.189216287970928931e+00 0 0 8.363995e+01 8.459959e+01 1.498580e+01 8.574595e+01 8.139257e+01 1.538713e+01 8.959745e+01 5.256119e+01 1.147188e+01 8.487815e+01 3.768112e+01 1.654887e+01 7.630145e+01 2.513058e+01 2.078681e+01 
147 1765 -1.170218434908283811e+00 0 0 8.386957e+01 8.459397e+01 1.577550e+01 8.555135e+01 8.175538e+01 1.606453e+01 8.954781e+01 5.300604e+01 1.117994e+01 8.460790e+01 3.615092e+01 1.660325e+01 7.613208e+01 2.495054e+01 2.037265e+01 
148 1777 -1.140291443173983010e+00 0 0 8.472559e+01 8.500373e+01 1.555107e+01 8.488284e+01 8.088625e+01 1.578116e+01 8.935029e+01 5.378226e+01 1.147792e+01 8.380619e+01 3.680060e+01 1.751935e+01 7.685106e+01 2.614908e+01 2.183539e+01 
149 1789 -1.184274800629915081e+00 0 0 8.496112e+01 8.477490e+01 1.506885e+01 8.525727e+01 8.171311e+01 1.531616e+01 8.880961e+01 5.287624e+01 1.135380e+01 8.479065e+01 3.679816e+01 1.691878e+01 7.561438e+01 2.611004e+01 2.121635e+01 
150 1801 -1.161468325485025099e+00 0 0 8.489118e+01 8.450688e+01 1.643722e+01 8.499464e+01 8.140418e+01 1.474689e+01 8.863755e+01 5.379957e+01 1.098579e+01 8.358130e+01 3.681704e+01 1.717868e+01 7.665012e+01 2.680420e+01 2.206817e+01 
151 1813 -1.197506975738013679e+00 0 0 8.447402e+01 8.460505e+01 1.666646e+01 8.477181e+01 8.255001e+01 1.564581e+01 8.895650e+01 5.384303e+01 1.091172e+01 8.452379e+01 3.547516e+01 1.665047e+01 7.569545e+01 2.645540e+01 2.180349e+01 
152 1825 -1.151153138163425016e+00 0 0 8.533509e+01 8.409866e+01 1.562316e+01 8.396021e+01 8.172183e+01 1.573313e+01 8.766546e+01 5.254093e+01 1.019182e+01 8.353994e+01 3.690315e+01 1.628433e+01 7.599646e+01 2.606369e+01 2.080227e+01 
153 1837 -1.196407342090069603e+00 0 0 8.481540e+01 8.452489e+01 1.591381e+01 8.455211e+01 8.087800e+01 1.506653e+01 8.871953e+01 5.303427e+01 9.888824e+00 8.380000e+01 3.679316e+01 1.750009e+01 7.581034e+01 2.646000e+01 2.196981e+01 
154 1849 -1.186154831657261433e+00 0 0 8.514255e+01 8.453487e+01 1.625260e+01 8.271654e+01 8.058292e+01 1.627163e+01 8.767729e+01 5.191669e+01 9.985185e+00 8.374986e+01 3.712981e+01 1.754315e+01 7.656789e+01 2.669934e+01 2.130052e+01 
155 1861 -1.187464669011243368e+00 0 0 8.639421e+01 8.424761e+01 1.626860e+01 8.286501e+01 8.052310e+01 1.606317e+01 8.776865e+01 5.271117e+01 1.070419e+01 8.359101e+01 3.704710e+01 1.678748e+01 7.680673e+01 2.717477e+01 2.213763e+01 
156 1873 -1.168394942884242615e+00 0 0 8.664920e+01 8.464946e+01 1.644292e+01 8.222884e+01 8.082931e+01 1.638998e+01 8.752697e+01 5.333466e+01 1.063554e+01 8.268334e+01 3.652218e+01 1.797856e+01 7.643249e+01 2.605474e+01 2.165076e+01 
157 1885 -1.201272280769366763e+00 0 0 8.456644e+01 8.464026e+01 1.684260e+01 8.281181e+01 8.171511e+01 1.710150e+01 8.891809e+01 5.335201e+01 1.149664e+01 8.424224e+01 3.528326e+01 1.784918e+01 7.651218e+01 2.603338e+01 2.174493e+01 
158 1897 -1.176654043788697424e+00 0 0 8.458068e+01 8.450977e+01 1.616100e+01 8.348410e+01 8.176846e+01 1.641890e+01 8.858520e+01 5.339929e+01 1.060791e+01 8.454534e+01 3.585410e+01 1.710484e+01 7.684833e+01 2.552263e+01 2.062504e+01 
159 1909 -1.166169463909654480e+00 0 0 8.442964e+01 8.485747e+01 1.612928e+01 8.298447e+01 8.192687e+01 1.690466e+01 8.874642e+01 5.323189e+01 1.069252e+01 8.453319e+01 3.633385e+01 1.689590e+01 7.577501e+01 2.594648e+01 2.139440e+01 
160 1921 -1.138504126061395727e+00 0 0 8.540968e+01 8.552218e+01 1.613583e+01 8.267954e+01 8.068874e+01 1.652606e+01 8.873240e+01 5.295436e+01 1.044994e+01 8.351463e+01 3.610244e+01 1.663120e+01 7.618094e+01 2.589306e+01 2.074190e+01 
161 1933 -1.137488130117531915e+00 0 0 8.496748e+01 8.506480e+01 1.576337e+01 8.366872e+01 8.081533e+01 1.698986e+01 8.863515e+01 5.254466e+01 9.913533e+00 8.320519e+01 3.609610e+01 1.599846e+01 7.589764e+01 2.619686e+01 2.087950e+01 
162 1945 -1.147364885142404534e+00 0 0 8.516384e+01 8.578782e+01 1.602765e+01 8.369199e+01 8.077317e+01 1.621748e+01 8.853163e+01 5.338015e+01 1.008698e+01 8.291079e+01 3.595237e+01 1.653544e+01 7.529021e+01 2.606873e+01 2.057580e+01 
163 1957 -1.133755034546115814e+00 0 0 8.495789e+01 8.532879e+01 1.663090e+01 8.376222e+01 8.128282e+01 1.661295e+01 8.921398e+01 5.280538e+01 1.018500e+01 8.394128e+01 3.622848e+01 1.639133e+01 7.594230e+01 2.547518e+01 2.054747e+01 
164 1969 -1.166078736098758784e+00 0 0 8.468619e+01 8.471761e+01 1.665252e+01 8.326671e+01 8.050437e+01 1.742171e+01 9.050854e+01 5.320025e+01 1.164322e+01 8.407226e+01 3.577192e+01 1.618714e+01 7.593942e+01 2.503744e+01 2.070569e+01 
165 1981 -1.118776756828768093e+00 0 0 8.467514e+01 8.502976e+01 1.661793e+01 8.436284e+01 8.084275e+01 1.739429e+01 9.086726e+01 5.358576e+01 1.155767e+01 8.385602e+01 3.604871e+01 1.615801e+01 7.486346e+01 2.529842e+01 2.049760e+01 
166 1993 -1.131304999170882564e+00 0 0 8.486053e+01 8.491373e+01 1.640168e+01 8.364782e+01 8.097539e+01 1.739741e+01 8.908623e+01 5.298372e+01 1.118724e+01 8.353226e+01 3.520708e+01 1.582265e+01 7.488663e+01 2.608425e+01 2.039584e+01 
167 2005 -1.135215102040529223e+00 0 0 8.532935e+01 8.465613e+01 1.665709e+01 8.157539e+01 8.071497e+01 1.848604e+01 8.990591e+01 5.275762e+01 1.163179e+01 8.490382e+01 3.569502e+01 1.663590e+01 7.532784e+01 2.606176e+01 2.133061e+01 
168 2017 -1.106682552964634692e+00 0 0 8.466451e+01 8.490871e+01 1.725418e+01 8.282043e+01 8.113850e+01 1.730578e+01 8.865832e+01 5.279684e+01 1.028991e+01 8.412002e+01 3.624791e+01 1.641559e+01 7.535270e+01 2.627957e+01 2.128280e+01 
169 2029 -1.189834902836189201e+00 0 0 8.567855e+01 8.532696e+01 1.641247e+01 8.252641e+01 8.058945e+01 1.741008e+01 8.784277e+01 5.375493e+01 1.084390e+01 8.464972e+01 3.692026e+01 1.698946e+01 7.598489e+01 2.627043e+01 2.194093e+01 
170 2041 -1.115648545868499264e+00 0 0 8.401425e+01 8.551622e+01 1.586634e+01 8.092071e+01 8.173156e+01 1.759504e+01 8.842672e+01 5.278561e+01 1.002879e+01 8.532920e+01 3.658059e+01 1.648382e+01 7.462309e+01 2.507911e+01 2.125187e+01 
171 2053 -1.158008317995095959e+00 0 0 8.460022e+01 8.589834e+01 1.629532e+01 8.188091e+01 8.117789e+01 1.747893e+01 8.726238e+01 5.236508e+01 9.271966e+00 8.377409e+01 3.598611e+01 1.598089e+01 7.598769e+01 2.539985e+01 2.110374e+01 
172 2065 -1.144371760169703212e+00 0 0 8.336736e+01 8.398041e+01 1.618911e+01 8.288244e+01 8.257263e+01 1.727249e+01 8.752467e+01 5.281682e+01 1.056110e+01 8.466090e+01 3.579778e+01 1.620229e+01 7.604532e+01 2.540130e+01 2.169838e+01 
173 2077 -1.171749540780309351e+00 0 0 8.485802e+01 8.566498e+01 1.551334e+01 8.255976e+01 8.154404e+01 1.793483e+01 8.809583e+01 5.179991e+01 1.095630e+01 8.467369e+01 3.732133e+01 1.616040e+01 7.570874e+01 2.581436e+01 2.102346e+01 
174 2089 -1.121270387414971870e+00 0 0 8.390894e+01 8.468064e+01 1.559735e+01 8.285739e+01 8.053123e+01 1.709704e+01 8.729289e+01 5.227613e+01 8.976470e+00 8.348640e+01 3.666582e+01 1.700207e+01 7.617285e+01 2.548980e+01 2.159121e+01 
175 2101 -1.133167268685915996e+00 0 0 8.348063e+01 8.492552e+01 1.500573e+01 8.177806e+01 8.192881e+01 1.746748e+01 8.826506e+01 5.134879e+01 1.068757e+01 8.408423e+01 3.593807e+01 1.732775e+01 7.560703e+01 2.517074e+01 2.163499e+01 
176 2113 -1.145977326414894026e+00 0 0 8.194881e+01 8.573185e+01 1.577819e+01 8.235458e+01 8.139099e+01 1.716846e+01 8.892932e+01 5.257046e+01 1.043478e+01 8.352927e+01 3.755536e+01 1.775900e+01 7.595614e+01 2.433577e+01 2.211036e+01 
177 2125 -1.185122388807203109e+00 0 0 8.372411e+01 8.597717e+01 1.506344e+01 8.173425e+01 8.070706e+01 1.727879e+01 8.809243e+01 5.190226e+01 9.544442e+00 8.311655e+01 3.695214e+01 1.704167e+01 7.682120e+01 2.521158e+01 2.132106e+01 
178 2137 -1.160135161090740441e+00 0 0 8.358870e+01 8.593723e+01 1.496948e+01 8.163448e+01 8.177675e+01 1.732396e+01 8.738511e+01 5.211952e+01 9.692759e+00 8.468452e+01 3.805291e+01 1.623885e+01 7.667831e+01 2.465368e+01 2.131692e+01 
179 2149 -1.164781357448403831e+00 0 0 8.380313e+01 8.582377e+01 1.466628e+01 8.210357e+01 8.205581e+01 1.858715e+01 8.761280e+01 5.116997e+01 1.133332e+01 8.352441e+01 3.694760e+01 1.719141e+01 7.772836e+01 2.518034e+01 2.149707e+01 
180 2161 -1.206133137575811753e+00 0 0 8.259429e+01 8.539067e+01 1.551535e+01 8.282397e+01 8.172323e+01 1.760336e+01 8.886842e+01 5.218553e+01 1.146878e+01 8.372156e+01 3.683904e+01 1.717145e+01 7.597407e+01 2.500844e+01 2.061604e+01 
181 2173 -1.197784333598173712e+00 0 0 8.368522e+01 8.587356e+01 1.464569e+01 8.189711e+01 8.180944e+01 1.669867e+01 8.778573e+01 5.178485e+01 1.038984e+01 8.338983e+01 3.640280e+01 1.664302e+01 7.674065e+01 2.544069e+01 2.033052e+01 
182 2185 -1.221448828765638206e+00 0 0 8.364951e+01 8.558144e+01 1.452631e+01 8.282775e+01 8.123815e+01 1.771909e+01 8.750146e+01 5.233819e+01 1.094420e+01 8.389324e+01 3.580938e+01 1.684694e+01 7.693938e+01 2.546142e+01 2.102934e+01 
183 2197 -1.210684409941425788e+00 0 0 8.370058e+01 8.569464e+01 1.528458e+01 8.268574e+01 8.178926e+01 1.735153e+01 8.887193e+01 5.214830e+01 1.166281e+01 8.493987e+01 3.675714e+01 1.688709e+01 7.751684e+01 2.743629e+01 2.072076e+01 
184 2209 -1.141328058731434947e+00 0 0 8.254702e+01 8.546077e+01 1.489983e+01 8.279129e+01 8.198908e+01 1.731705e+01 8.911535e+01 5.159109e+01 1.053456e+01 8.479945e+01 3.612785e+01 1.742854e+01 7.698916e+01 2.590247e+01 1.973917e+01 
185 2221 -1.108229071497765617e+00 0 0 8.305817e+01 8.562797e+01 1.534270e+01 8.280135e+01 8.162544e+01 1.711526e+01 8.918422e+01 5.214816e+01 1.063391e+01 8.408700e+01 3.619305e+01 1.688346e+01 7.655326e+01 2.577428e+01 2.078643e+01 
186 2233 -1.196577469898412405e+00 0 0 8.293843e+01 8.549370e+01 1.610104e+01 8.367536e+01 8.187704e+01 1.716003e+01 8.986106e+01 5.281344e+01 1.133706e+01 8.487542e+01 3.557886e+01 1.707281e+01 7.655268e+01 2.538091e+01 2.134650e+01 
187 2245 -1.224737661266245503e+00 0 0 8.398176e+01 8.566973e+01 1.518850e+01 8.275884e+01 8.073776e+01 1.731190e+01 8.857477e+01 5.199080e+01 1.000203e+01 8.296112e+01 3.575201e+01 1.684287e+01 7.562321e+01 2.608422e+01 2.035614e+01 
188 2257 -1.115491538277980865e+00 0 0 8.443980e+01 8.692622e+01 1.502789e+01 8.257976e+01 8.134833e+01 1.739419e+01 8.870182e+01 5.237617e+01 1.046079e+01 8.493823e+01 3.697172e+01 1.678229e+01 7.671921e+01 2.673793e+01 2.000234e+01 
189 2269 -1.219862247761269280e+00 0 0 8.399129e+01 8.598957e+01 1.530908e+01 8.208674e+01 8.085584e+01 1.739564e+01 8.872136e+01 5.211410e+01 1.066385e+01 8.384991e+01 3.691922e+01 1.752001e+01 7.651694e+01 2.621584e+01 2.138123e+01 
190 2281 -1.217231513536785048e+00 0 0 8.384864e+01 8.570276e+01 1.494337e+01 8.253693e+01 8.157635e+01 1.764795e+01 8.873009e+01 5.277226e+01 1.153306e+01 8.450536e+01 3.677296e+01 1.733713e+01 7.696140e+01 2.630037e+01 2.042191e+01 
191 2293 -1.161515296070838810e+00 0 0 8.406450e+01 8.654631e+01 1.510358e+01 8.250850e+01 8.178228e+01 1.740512e+01 8.961744e+01 5.243743e+01 1.175305e+01 8.477333e+01 3.678728e+01 1.729102e+01 7.672461e+01 2.592563e+01 2.022959e+01 
192 2305 -1.150527183728144998e+00 0 0 8.460441e+01 8.590047e+01 1.467176e+01 8.293038e+01 8.104666e+01 1.756156e+01 8.910279e+01 5.263386e+01 1.112663e+01 8.454938e+01 3.697515e+01 1.727144e+01 7.669712e+01 2.642390e+01 1.994742e+01 
193 2317 -1.147775077692386070e+00 0 0 8.467162e+01 8.588392e+01 1.506862e+01 8.243625e+01 8.180577e+01 1.728027e+01 8.902451e+01 5.231767e+01 1.075436e+01 8.451361e+01 3.702303e+01 1.737927e+01 7.693226e+01 2.688565e+01 2.041570e+01 
194 2329 -1.181531727833398548e+00 0 0 8.386777e+01 8.585241e+01 1.512596e+01 8.271061e+01 8.189770e+01 1.732062e+01 8.934465e+01 5.225915e+01 1.130771e+01 8.468231e+01 3.663986e+01 1.743737e+01 7.668212e+01 2.646706e+01 2.010187e+01 
195 2341 -1.165677854359501220e+00 0 0 8.481320e+01 8.615150e+01 1.479153e+01 8.267877e+01 8.187077e+01 1.760303e+01 8.960707e+01 5.272680e+01 1.189594e+01 8.496391e+01 3.674657e+01 1.729761e+01 7.669364e+01 2.628152e+01 2.006345e+01 
196 2353 -1.200713621430166800e+00 0 0 8.460560e+01 8.598332e+01 1.509522e+01 8.254982e+01 8.171521e+01 1.730989e+01 8.987421e+01 5.280249e+01 1.107073e+01 8.494704e+01 3.666937e+01 1.749684e+01 7.664457e+01 2.685704e+01 1.981824e+01 
197 2365 -1.142937264391252317e+00 0 0 8.450163e+01 8.604889e+01 1.472490e+01 8.279077e+01 8.169854e+01 1.728308e+01 8.926654e+01 5.259375e+01 1.083381e+01 8.467565e+01 3.666373e+01 1.681213e+01 7.660425e+01 2.629219e+01 2.012935e+01 
198 2377 -1.174968823326797418e+00 0 0 8.451887e+01 8.590249e+01 1.504519e+01 8.260716e+01 8.184885e+01 1.733357e+01 8.946604e+01 5.278706e+01 1.144083e+01 8.463883e+01 3.673379e+01 1.711150e+01 7.658953e+01 2.666021e+01 1.990399e+01 
199 2389 -1.168454475148034577e+00 0 0 8.444353e+01 8.576353e+01 1.469445e+01 8.283326e+01 8.161506e+01 1.744144e+01 8.897146e+01 5.263543e+01 1.092671e+01 8.490349e+01 3.671583e+01 1.673858e+01 7.664685e+01 2.669590e+01 2.025554e+01 
200 2401 -1.182062478073777401e+00 0 0 8.458672e+01 8.569398e+01 1.474937e+01 8.282103e+01 8.145705e+01 1.693332e+01 8.892429e+01 5.275263e+01 1.097684e+01 8.450544e+01 3.628410e+01 1.716457e+01 7.685655e+01 2.651919e+01 2.003883e+01 
201 2413 -1.185829378652307753e+00 0 0 8.489092e+01 8.581033e+01 1.507852e+01 8.289557e+01 8.175552e+01 1.720001e+01 8.886763e+01 5.290342e+01 1.061864e+01 8.403270e+01 3.586237e+01 1.695456e+01 7.660027e+01 2.641650e+01 1.975308e+01 
202 2425 -1.169884149568269249e+00 0 0 8.392314e+01 8.563399e+01 1.499395e+01 8.269395e+01 8.214955e+01 1.783047e+01 8.969507e+01 5.239713e+01 1.120861e+01 8.475507e+01 3.582576e+01 1.699883e+01 7.656957e+01 2.628498e+01 1.999131e+01 
203 2437 -1.168925320414689439e+00 0 0 8.436017e+01 8.568573e+01 1.517709e+01 8.283822e+01 8.186888e+01 1.737247e+01 8.950683e+01 5.244016e+01 1.116002e+01 8.470694e+01 3.629810e+01 1.686347e+01 7.674922e+01 2.689994e+01 2.015802e+01 
204 2449 -1.180284696167006375e+00 0 0 8.470264e+01 8.564452e+01 1.519802e+01 8.275967e+01 8.180739e+01 1.733070e+01 8.919530e+01 5.266177e+01 1.122129e+01 8.484897e+01 3.615506e+01 1.722982e+01 7.699816e+01 2.662260e+01 2.016208e+01 
205 2461 -1.211733130188612950e+00 0 0 8.466272e+01 8.573370e+01 1.503255e+01 8.281443e+01 8.175489e+01 1.740824e+01 8.954247e+01 5.257420e+01 1.086599e+01 8.499627e+01 3.632196e+01 1.689212e+01 7.657853e+01 2.631620e+01 2.005963e+01 
206 2473 -1.184308391800100502e+00 0 0 8.439591e+01 8.558492e+01 1.490842e+01 8.297435e+01 8.182245e+01 1.717475e+01 8.960795e+01 5.260352e+01 1.104680e+01 8.485408e+01 3.615791e+01 1.711026e+01 7.684165e+01 2.611583e+01 2.000021e+01 
207 2485 -1.219685400233697647e+00 0 0 8.465410e+01 8.593745e+01 1.490002e+01 8.273556e+01 8.195353e+01 1.709796e+01 8.978529e+01 5.258218e+01 1.125347e+01 8.478041e+01 3.638610e+01 1.696477e+01 7.667219e+01 2.638310e+01 2.000816e+01 
208 2497 -1.223608421218199238e+00 0 0 8.462317e+01 8.579669e+01 1.497738e+01 8.262495e+01 8.194826e+01 1.699740e+01 8.967814e+01 5.258349e+01 1.119137e+01 8.497963e+01 3.624017e+01 1.712777e+01 7.681300e+01 2.640557e+01 1.967878e+01 
209 2509 -1.216755439314765042e+00 0 0 8.480732e+01 8.559159e+01 1.520420e+01 8.265439e+01 8.191001e+01 1.675412e+01 8.966379e+01 5.298423e+01 1.139712e+01 8.471635e+01 3.616582e+01 1.720261e+01 7.666598e+01 2.644434e+01 2.013025e+01 
210 2521 -1.213435796072529049e+00 0 0 8.476685e+01 8.567472e+01 1.510030e+01 8.282697e+01 8.188343e+01 1.669651e+01 8.976036e+01 5.276711e+01 1.122868e+01 8.499226e+01 3.643023e+01 1.702063e+01 7.676793e+01 2.664276e+01 1.965331e+01 
211 2533 -1.222491525432326087e+00 0 0 8.472441e+01 8.552150e+01 1.522891e+01 8.260530e+01 8.174603e+01 1.648723e+01 8.957695e+01 5.278920e+01 1.134607e+01 8.465392e+01 3.621473e+01 1.710145e+01 7.677119e+01 2.649919e+01 2.026888e+01 
212 2545 -1.215301372162938653e+00 0 0 8.473508e+01 8.571549e+01 1.513848e+01 8.281190e+01 8.192348e+01 1.652801e+01 8.973493e+01 5.268460e+01 1.103984e+01 8.464130e+01 3.624231e+01 1.713633e+01 7.666605e+01 2.669825e+01 1.978281e+01 
213 2557 -1.217750226538173219e+00 0 0 8.466499e+01 8.567120e+01 1.530676e+01 8.289809e+01 8.166389e+01 1.620584e+01 8.963241e+01 5.270345e+01 1.076118e+01 8.465527e+01 3.669166e+01 1.705001e+01 7.672120e+01 2.682381e+01 2.017965e+01 
214 2569 -1.186621408914699582e+00 0 0 8.488406e+01 8.570648e+01 1.521941e+01 8.262808e+01 8.189776e+01 1.559773e+01 8.983085e+01 5.323608e+01 1.127448e+01 8.452561e+01 3.664825e+01 1.768841e+01 7.707288e+01 2.707563e+01 1.987500e+01 
215 2581 -1.223179085368340413e+00 0 0 8.452030e+01 8.570643e+01 1.518087e+01 8.258078e+01 8.161046e+01 1.624036e+01 8.977700e+01 5.277545e+01 1.088384e+01 8.454553e+01 3.710769e+01 1.719425e+01 7.661755e+01 2.653921e+01 1.987010e+01 
216 2593 -1.186817806535189090e+00 0 0 8.507475e+01 8.570098e+01 1.545700e+01 8.255652e+01 8.177143e+01 1.640769e+01 8.952989e+01 5.314183e+01 1.117908e+01 8.487978e+01 3.691273e+01 1.700645e+01 7.664361e+01 2.644617e+01 1.978033e+01 
217 2605 -1.193935181600393358e+00 0 0 8.487581e+01 8.568869e+01 1.504193e+01 8.280426e+01 8.163963e+01 1.621258e+01 8.972487e+01 5.253553e+01 1.094695e+01 8.435073e+01 3.741447e+01 1.701148e+01 7.658729e+01 2.693496e+01 1.984117e+01 
218 2617 -1.221308091986440969e+00 0 0 8.489861e+01 8.565746e+01 1.525001e+01 8.296049e+01 8.153927e+01 1.650292e+01 8.980099e+01 5.291530e+01 1.103448e+01 8.477739e+01 3.742334e+01 1.736806e+01 7.682959e+01 2.721578e+01 2.010730e+01 
219 2629 -1.229626931297452375e+00 0 0 8.471666e+01 8.568621e+01 1.520666e+01 8.284524e+01 8.170293e+01 1.629195e+01 8.958269e+01 5.299164e+01 1.180626e+01 8.453611e+01 3.716632e+01 1.721910e+01 7.692317e+01 2.697259e+01 1.996403e+01 
220 2641 -1.227816678751618928e+00 0 0 8.464740e+01 8.589079e+01 1.484744e+01 8.274154e+01 8.177433e+01 1.602640e+01 8.976457e+01 5.298426e+01 1.153769e+01 8.475823e+01 3.758752e+01 1.706388e+01 7.688997e+01 2.680424e+01 1.971791e+01 
221 2653 -1.194009503076470802e+00 0 0 8.477933e+01 8.559972e+01 1.472786e+01 8.269351e+01 8.193736e+01 1.591340e+01 9.013965e+01 5.295703e+01 1.173642e+01 8.492904e+01 3.736516e+01 1.757662e+01 7.663027e+01 2.669009e+01 1.969333e+01 
222 2665 -1.186317238203260516e+00 0 0 8.501725e+01 8.594917e+01 1.480742e+01 8.251595e+01 8.171462e+01 1.593490e+01 8.998143e+01 5.265508e+01 1.104388e+01 8.484020e+01 3.791543e+01 1.738580e+01 7.683655e+01 2.720477e+01 1.970830e+01 
223 2677 -1.192345409258969147e+00 0 0 8.461550e+01 8.586475e+01 1.483036e+01 8.284217e+01 8.151759e+01 1.544747e+01 9.077773e+01 5.295201e+01 1.153497e+01 8.519299e+01 3.781614e+01 1.766458e+01 7.697538e+01 2.711207e+01 1.987510e+01 
224 2689 -1.223504750899983895e+00 0 0 8.465911e+01 8.576395e+01 1.470140e+01 8.278440e+01 8.177096e+01 1.602727e+01 8.976347e+01 5.270064e+01 1.067069e+01 8.462407e+01 3.793799e+01 1.724264e+01 7.652750e+01 2.690132e+01 2.004491e+01 
225 2701 -1.227335422042978630e+00 0 0 8.491163e+01 8.573421e+01 1.484807e+01 8.263176e+01 8.173715e+01 1.559629e+01 8.991436e+01 5.309424e+01 1.144799e+01 8.486598e+01 3.745479e+01 1.726405e+01 7.690256e+01 2.694256e+01 1.993940e+01 
226 2713 -1.189834850888447981e+00 0 0 8.477000e+01 8.565950e+01 1.496640e+01 8.271389e+01 8.175507e+01 1.554217e+01 9.011051e+01 5.310125e+01 1.100160e+01 8.472391e+01 3.756323e+01 1.724747e+01 7.661858e+01 2.665981e+01 2.022153e+01 
227 2725 -1.224292274748054465e+00 0 0 8.489760e+01 8.561228e+01 1.500745e+01 8.271469e+01 8.172154e+01 1.568774e+01 8.974702e+01 5.337240e+01 1.103070e+01 8.479840e+01 3.740185e+01 1.725410e+01 7.688132e+01 2.712951e+01 2.015001e+01 
228 2737 -1.235981188407656139e+00 0 0 8.476986e+01 8.589363e+01 1.461756e+01 8.282814e+01 8.190491e+01 1.566691e+01 8.971820e+01 5.310399e+01 1.086582e+01 8.498282e+01 3.748289e+01 1.710739e+01 7.689633e+01 2.697525e+01 1.985775e+01 
229 2749 -1.235540250955722286e+00 0 0 8.498668e+01 8.583046e+01 1.474059e+01 8.288046e+01 8.168041e+01 1.538130e+01 8.958676e+01 5.315079e+01 1.079227e+01 8.482561e+01 3.756511e+01 1.703143e+01 7.675174e+01 2.709368e+01 1.977292e+01 
230 2761 -1.236093430249344483e+00 0 0 8.487867e+01 8.594310e+01 1.483861e+01 8.263467e+01 8.183092e+01 1.535291e+01 8.966116e+01 5.327569e+01 1.067205e+01 8.495634e+01 3.728255e+01 1.706946e+01 7.686563e+01 2.707053e+01 1.956974e+01 
231 2773 -1.239679337565691153e+00 0 0 8.479552e+01 8.574222e+01 1.468583e+01 8.266471e+01 8.165036e+01 1.524445e+01 8.956996e+01 5.295402e+01 1.071070e+01 8.473725e+01 3.746144e+01 1.715863e+01 7.683806e+01 2.666888e+01 1.952649e+01 
232 2785 -1.239507778806073768e+00 0 0 8.486204e+01 8.574274e+01 1.456046e+01 8.269761e+01 8.196551e+01 1.543455e+01 8.967827e+01 5.312550e+01 1.084896e+01 8.492744e+01 3.730321e+01 1.686728e+01 7.674837e+01 2.691186e+01 1.956444e+01 
233 2797 -1.234047202250208253e+00 0 0 8.493614e+01 8.565233e+01 1.471392e+01 8.289902e+01 8.174253e+01 1.533391e+01 8.971832e+01 5.304304e+01 1.035934e+01 8.487384e+01 3.759152e+01 1.676945e+01 7.665697e+01 2.670998e+01 1.956804e+01 
234 2809 -1.232497506077237404e+00 0 0 8.469172e+01 8.563592e+01 1.480854e+01 8.285256e+01 8.171424e+01 1.552536e+01 8.963955e+01 5.328898e+01 1.095413e+01 8.486943e+01 3.753392e+01 1.716981e+01 7.682634e+01 2.668267e+01 1.968093e+01 
235 2821 -1.238069633381549739e+00 0 0 8.455175e+01 8.550094e+01 1.473915e+01 8.294601e+01 8.189878e+01 1.530427e+01 8.956109e+01 5.334121e+01 1.077828e+01 8.466466e+01 3.749108e+01 1.708498e+01 7.683355e+01 2.678890e+01 1.961711e+01 
236 2833 -1.233259166251247319e+00 0 0 8.479895e+01 8.578859e+01 1.466835e+01 8.284600e+01 8.175976e+01 1.552413e+01 8.956933e+01 5.296156e+01 1.045922e+01 8.454567e+01 3.766071e+01 1.698709e+01 7.670490e+01 2.683014e+01 1.980941e+01 
237 2845 -1.231429211876879259e+00 0 0 8.481621e+01 8.575301e+01 1.471037e+01 8.275788e+01 8.164004e+01 1.560215e+01 8.955783e+01 5.306835e+01 1.066403e+01 8.458025e+01 3.748544e+01 1.709620e+01 7.691887e+01 2.672832e+01 1.981897e+01 
238 2857 -1.233593171275391365e+00 0 0 8.489855e+01 8.566369e+01 1.461342e+01 8.286614e+01 8.182874e+01 1.562388e+01 8.964822e+01 5.306672e+01 1.074904e+01 8.498716e+01 3.715497e+01 1.703889e+01 7.690450e+01 2.671657e+01 1.964072e+01 
239 2869 -1.234627437277196593e+00 0 0 8.474932e+01 8.553754e+01 1.472389e+01 8.273466e+01 8.169445e+01 1.544210e+01 8.964200e+01 5.321743e+01 1.045487e+01 8.465590e+01 3.702923e+01 1.713006e+01 7.682628e+01 2.687624e+01 1.980627e+01 
240 2881 -1.240252821193509769e+00 0 0 8.480456e+01 8.564660e+01 1.448040e+01 8.263950e+01 8.172012e+01 1.574233e+01 8.971261e+01 5.310585e+01 1.089202e+01 8.478254e+01 3.714266e+01 1.696623e+01 7.670733e+01 2.680641e+01 1.950679e+01 
241 2893 -1.240565545968866035e+00 0 0 8.489648e+01 8.563500e+01 1.451800e+01 8.274934e+01 8.186639e+01 1.567654e+01 8.966661e+01 5.300820e+01 1.085505e+01 8.498604e+01 3.731997e+01 1.704022e+01 7.686867e+01 2.696639e+01 1.966843e+01 
242 2905 -1.248359455847189992e+00 0 0 8.473802e+01 8.566072e+01 1.447284e+01 8.281047e+01 8.172585e+01 1.540910e+01 8.974314e+01 5.305753e+01 1.087545e+01 8.472004e+01 3.727127e+01 1.713949e+01 7.680339e+01 2.696922e+01 1.953909e+01 
243 2917 -1.248056515208411543e+00 0 0 8.466965e+01 8.573929e+01 1.444596e+01 8.292871e+01 8.162179e+01 1.552984e+01 8.969678e+01 5.297246e+01 1.093774e+01 8.469327e+01 3.725158e+01 1.709795e+01 7.696772e+01 2.693332e+01 1.952451e+01 
244 2929 -1.249890367066429642e+00 0 0 8.460909e+01 8.555929e+01 1.452598e+01 8.285712e+01 8.173141e+01 1.518293e+01 8.992054e+01 5.326548e+01 1.098350e+01 8.478691e+01 3.739425e+01 1.716475e+01 7.686948e+01 2.689989e+01 1.955780e+01 
245 2941 -1.255043740452709278e+00 0 0 8.479794e+01 8.557742e+01 1.436484e+01 8.299428e+01 8.181866e+01 1.527251e+01 8.957136e+01 5.314018e+01 1.084776e+01 8.458535e+01 3.723172e+01 1.713714e+01 7.685665e+01 2.697083e+01 1.955564e+01 
246 2953 -1.247505208483027372e+00 0 0 8.489876e+01 8.570618e+01 1.444361e+01 8.283482e+01 8.184849e+01 1.526817e+01 8.950225e+01 5.304122e+01 1.082306e+01 8.457285e+01 3.707062e+01 1.714358e+01 7.688992e+01 2.709548e+01 1.958807e+01 
247 2965 -1.253238374547566591e+00 0 0 8.476597e+01 8.575541e+01 1.436525e+01 8.282875e+01 8.176057e+01 1.528971e+01 8.959511e+01 5.297007e+01 1.103917e+01 8.464975e+01 3.740529e+01 1.722210e+01 7.688024e+01 2.706015e+01 1.951721e+01 
248 2977 -1.251604039233317867e+00 0 0 8.467126e+01 8.575838e+01 1.441888e+01 8.287013e+01 8.165515e+01 1.516360e+01 8.956975e+01 5.293344e+01 1.093967e+01 8.470067e+01 3.759068e+01 1.709794e+01 7.673475e+01 2.689524e+01 1.955059e+01 
249 2989 -1.251693648021585892e+00 0 0 8.466577e+01 8.581210e+01 1.436667e+01 8.299405e+01 8.174926e+01 1.524811e+01 8.956045e+01 5.295545e+01 1.116023e+01 8.455997e+01 3.752343e+01 1.707709e+01 7.685842e+01 2.696685e+01 1.957626e+01 
250 3001 -1.254055816414151314e+00 0 0 8.466169e+01 8.575641e+01 1.435712e+01 8.295755e+01 8.175811e+01 1.528231e+01 8.958047e+01 5.285471e+01 1.090998e+01 8.455776e+01 3.745974e+01 1.716550e+01 7.668304e+01 2.696968e+01 1.951390e+01 
251 3013 -1.252330832151623552e+00 0 0 8.467350e+01 8.573978e+01 1.448146e+01 8.297483e+01 8.175315e+01 1.520270e+01 8.965331e+01 5.308391e+01 1.095884e+01 8.463620e+01 3.747072e+01 1.713786e+01 7.674457e+01 2.693521e+01 1.956499e+01 
252 3025 -1.250424734739823407e+00 0 0 8.483270e+01 8.579462e+01 1.436425e+01 8.274821e+01 8.172249e+01 1.525055e+01 8.961523e+01 5.296686e+01 1.113506e+01 8.459445e+01 3.757281e+01 1.724688e+01 7.673549e+01 2.710539e+01 1.953308e+01 
253 3037 -1.254435802676508782e+00 0 0 8.472268e+01 8.567622e+01 1.436694e+01 8.296435e+01 8.170048e+01 1.535849e+01 8.951797e+01 5.306700e+01 1.100239e+01 8.452216e+01 3.747701e+01 1.702359e+01 7.674174e+01 2.707842e+01 1.954787e+01 
254 3049 -1.252100034768520054e+00 0 0 8.479211e+01 8.574082e+01 1.434751e+01 8.292714e+01 8.162634e+01 1.542575e+01 8.955255e+01 5.297297e+01 1.084264e+01 8.458765e+01 3.738551e+01 1.701392e+01 7.676832e+01 2.687844e+01 1.959422e+01 
255 3061 -1.252399452313058381e+00 0 0 8.481423e+01 8.579297e+01 1.442667e+01 8.288074e+01 8.182423e+01 1.527508e+01 8.955726e+01 5.309070e+01 1.101027e+01 8.476112e+01 3.721462e+01 1.707187e+01 7.678724e+01 2.707454e+01 1.956754e+01 
256 3073 -1.252885539125454750e+00 0 0 8.487432e+01 8.563243e+01 1.449168e+01 8.284175e+01 8.193702e+01 1.523218e+01 8.950239e+01 5.308332e+01 1.092456e+01 8.467512e+01 3.719848e+01 1.703696e+01 7.686456e+01 2.718437e+01 1.964257e+01 
257 3085 -1.252579762904277194e+00 0 0 8.492113e+01 8.588973e+01 1.442278e+01 8.292720e+01 8.178743e+01 1.541322e+01 8.956758e+01 5.322549e+01 1.095488e+01 8.462096e+01 3.733823e+01 1.690449e+01 7.678268e+01 2.721362e+01 1.964478e+01 
258 3097 -1.252611180083953446e+00 0 0 8.480504e+01 8.593832e+01 1.437147e+01 8.295432e+01 8.173914e+01 1.528298e+01 8.969909e+01 5.315823e+01 1.109732e+01 8.466882e+01 3.747178e+01 1.707234e+01 7.681333e+01 2.703573e+01 1.964542e+01 
259 3109 -1.251858536656455190e+00 0 0 8.481335e+01 8.581835e+01 1.442093e+01 8.289333e+01 8.194418e+01 1.527334e+01 8.990235e+01 5.316719e+01 1.092803e+01 8.468860e+01 3.725676e+01 1.703305e+01 7.671167e+01 2.716471e+01 1.966243e+01 
260 3121 -1.253219876220714291e+00 0 0 8.488578e+01 8.585498e+01 1.443188e+01 8.294439e+01 8.198485e+01 1.523536e+01 8.972651e+01 5.319117e+01 1.101375e+01 8.467262e+01 3.731097e+01 1.705803e+01 7.687833e+01 2.721569e+01 1.969708e+01 
261 3133 -1.254755848739989910e+00 0 0 8.478201e+01 8.590267e+01 1.431915e+01 8.296427e+01 8.184864e+01 1.515664e+01 8.982719e+01 5.314751e+01 1.124222e+01 8.483071e+01 3.765210e+01 1.708200e+01 7.671816e+01 2.723523e+01 1.950834e+01 
262 3145 -1.255127469647398852e+00 0 0 8.475002e+01 8.576797e+01 1.432639e+01 8.296811e+01 8.178911e+01 1.516811e+01 8.989263e+01 5.308069e+01 1.118635e+01 8.460026e+01 3.755767e+01 1.711212e+01 7.673472e+01 2.725064e+01 1.954264e+01 
263 3157 -1.258332619849483081e+00 0 0 8.489297e+01 8.585171e+01 1.439111e+01 8.294653e+01 8.185829e+01 1.515659e+01 8.959499e+01 5.313248e+01 1.086310e+01 8.464036e+01 3.735624e+01 1.696920e+01 7.670506e+01 2.719036e+01 1.958333e+01 
264 3169 -1.257331135675156197e+00 0 0 8.496746e+01 8.594575e+01 1.444056e+01 8.283149e+01 8.168924e+01 1.518739e+01 8.977065e+01 5.313566e+01 1.100745e+01 8.461429e+01 3.746327e+01 1.693815e+01 7.660051e+01 2.731031e+01 1.951312e+01 
265 3181 -1.256034398780704997e+00 0 0 8.489740e+01 8.596767e+01 1.440733e+01 8.289370e+01 8.185958e+01 1.519282e+01 8.984891e+01 5.314206e+01 1.095049e+01 8.465003e+01 3.730467e+01 1.702468e+01 7.666131e+01 2.717544e+01 1.950748e+01 
266 3193 -1.257018769365291666e+00 0 0 8.495213e+01 8.587560e+01 1.437426e+01 8.287860e+01 8.182347e+01 1.520216e+01 8.972530e+01 5.324935e+01 1.086455e+01 8.456817e+01 3.729341e+01 1.702388e+01 7.664919e+01 2.719557e+01 1.956008e+01 
267 3205 -1.257857765876003064e+00 0 0 8.497395e+01 8.593355e+01 1.435797e+01 8.294982e+01 8.175837e+01 1.520016e+01 8.964774e+01 5.320862e+01 1.101591e+01 8.456335e+01 3.731661e+01 1.692411e+01 7.665858e+01 2.714949e+01 1.957324e+01 
268 3217 -1.255717506302689745e+00 0 0 8.496820e+01 8.596364e+01 1.429355e+01 8.284538e+01 8.179822e+01 1.525707e+01 8.964361e+01 5.316783e+01 1.108997e+01 8.462375e+01 3.733644e+01 1.708203e+01 7.671847e+01 2.720876e+01 1.959342e+01 
269 3229 -1.257046440027983492e+00 0 0 8.490950e+01 8.590282e+01 1.432395e+01 8.284156e+01 8.184965e+01 1.520981e+01 8.967309e+01 5.319086e+01 1.095228e+01 8.458015e+01 3.744886e+01 1.708375e+01 7.670561e+01 2.728018e+01 1.961030e+01 
270 3241 -1.257962251876221238e+00 0 0 8.498140e+01 8.598621e+01 1.431139e+01 8.282449e+01 8.173173e+01 1.517230e+01 8.961662e+01 5.314857e+01 1.093102e+01 8.462021e+01 3.760517e+01 1.706280e+01 7.671597e+01 2.737555e+01 1.952694e+01 
271 3253 -1.259106014304068877e+00 0 0 8.494996e+01 8.596620e+01 1.430202e+01 8.285911e+01 8.179298e+01 1.520227e+01 8.966184e+01 5.324294e+01 1.090442e+01 8.461435e+01 3.744955e+01 1.701312e+01 7.661804e+01 2.730866e+01 1.955365e+01 
272 3265 -1.258866059452979469e+00 0 0 8.491556e+01 8.588331e+01 1.434057e+01 8.279961e+01 8.182310e+01 1.519999e+01 8.961677e+01 5.323948e+01 1.086907e+01 8.459387e+01 3.738687e+01 1.702708e+01 7.658334e+01 2.736113e+01 1.950865e+01 
273 3277 -1.259504678039992331e+00 0 0 8.488982e+01 8.592182e+01 1.432529e+01 8.280258e+01 8.183960e+01 1.516573e+01 8.952732e+01 5.318210e+01 1.090558e+01 8.461294e+01 3.731736e+01 1.703467e+01 7.671069e+01 2.738043e+01 1.955321e+01 
274 3289 -1.258442607883494491e+00 0 0 8.494207e+01 8.588897e+01 1.433074e+01 8.284166e+01 8.179043e+01 1.521956e+01 8.964787e+01 5.319615e+01 1.085853e+01 8.464348e+01 3.740985e+01 1.702373e+01 7.659967e+01 2.736230e+01 1.956313e+01 
275 3301 -1.258891729346970800e+00 0 0 8.495045e+01 8.588313e+01 1.434673e+01 8.276497e+01 8.180530e+01 1.517609e+01 8.969863e+01 5.326281e+01 1.082691e+01 8.460514e+01 3.737949e+01 1.708376e+01 7.658797e+01 2.742343e+01 1.952647e+01 
276 3313 -1.258712330237983679e+00 0 0 8.499290e+01 8.597902e+01 1.430711e+01 8.284201e+01 8.175014e+01 1.522451e+01 8.971968e+01 5.324729e+01 1.090091e+01 8.465848e+01 3.747103e+01 1.702119e+01 7.663856e+01 2.732634e+01 1.954400e+01 
277 3325 -1.258661434817016644e+00 0 0 8.491478e+01 8.597547e+01 1.435592e+01 8.287368e+01 8.171711e+01 1.522017e+01 8.961577e+01 5.323151e+01 1.088791e+01 8.458206e+01 3.740499e+01 1.705503e+01 7.669948e+01 2.736277e+01 1.954129e+01 
278 3337 -1.259210754875609517e+00 0 0 8.491776e+01 8.594189e+01 1.436981e+01 8.290166e+01 8.167863e+01 1.519637e+01 8.961373e+01 5.322192e+01 1.084292e+01 8.462051e+01 3.743329e+01 1.702558e+01 7.667651e+01 2.733009e+01 1.954500e+01 
279 3349 -1.260026359972933330e+00 0 0 8.488202e+01 8.594625e+01 1.433236e+01 8.294256e+01 8.166608e+01 1.519600e+01 8.961683e+01 5.319252e+01 1.088642e+01 8.465123e+01 3.748842e+01 1.701154e+01 7.662540e+01 2.731526e+01 1.951860e+01 
280 3361 -1.260872783958103316e+00 0 0 8.492700e+01 8.594137e+01 1.430778e+01 8.292241e+01 8.171849e+01 1.517880e+01 8.963349e+01 5.315957e+01 1.098592e+01 8.459527e+01 3.743224e+01 1.705424e+01 7.669162e+01 2.733884e+01 1.948702e+01 
281 3373 -1.259835662828834524e+00 0 0 8.490132e+01 8.596760e+01 1.429485e+01 8.298246e+01 8.170157e+01 1.522759e+01 8.959861e+01 5.317470e+01 1.089703e+01 8.461477e+01 3.745584e+01 1.702304e+01 7.667560e+01 2.728294e+01 1.955848e+01 
282 3385 -1.260696333514158773e+00 0 0 8.490792e+01 8.596572e+01 1.429020e+01 8.298236e+01 8.172578e+01 1.521651e+01 8.962712e+01 5.319203e+01 1.091557e+01 8.465013e+01 3.743258e+01 1.705175e+01 7.673610e+01 2.731021e+01 1.950787e+01 
283 3397 -1.259842811441765464e+00 0 0 8.490551e+01 8.592107e+01 1.433597e+01 8.295703e+01 8.167153e+01 1.519309e+01 8.955020e+01 5.316681e+01 1.091184e+01 8.461438e+01 3.746936e+01 1.702584e+01 7.671363e+01 2.727029e+01 1.955186e+01 
284 3409 -1.259726362416815348e+00 0 0 8.489292e+01 8.594405e+01 1.430540e+01 8.293561e+01 8.163984e+01 1.521081e+01 8.956283e+01 5.312673e+01 1.095574e+01 8.458127e+01 3.743983e+01 1.708050e+01 7.675223e+01 2.727149e+01 1.953835e+01 
285 3421 -1.259402925948797325e+00 0 0 8.487632e+01 8.596451e+01 1.429638e+01 8.289200e+01 8.165229e+01 1.519454e+01 8.966968e+01 5.316485e+01 1.095812e+01 8.461191e+01 3.749648e+01 1.711483e+01 7.670848e+01 2.729551e+01 1.953183e+01 
286 3433 -1.259375439543610087e+00 0 0 8.484965e+01 8.597955e+01 1.431641e+01 8.298588e+01 8.166265e+01 1.520017e+01 8.965548e+01 5.317675e+01 1.095491e+01 8.457045e+01 3.747823e+01 1.707502e+01 7.672349e+01 2.725160e+01 1.954926e+01 
287 3445 -1.259852642279166490e+00 0 0 8.482341e+01 8.597023e+01 1.430846e+01 8.293259e+01 8.168450e+01 1.519524e+01 8.961380e+01 5.311039e+01 1.091182e+01 8.458454e+01 3.749588e+01 1.708580e+01 7.673956e+01 2.730966e+01 1.954780e+01 
288 3457 -1.261042373771958047e+00 0 0 8.487863e+01 8.597948e+01 1.429593e+01 8.292558e+01 8.165125e+01 1.516586e+01 8.955547e+01 5.318422e+01 1.090104e+01 8.457552e+01 3.748068e+01 1.707562e+01 7.670629e+01 2.731168e+01 1.954011e+01 
289 3469 -1.260215360214373526e+00 0 0 8.491558e+01 8.597126e+01 1.434128e+01 8.290659e+01 8.159879e+01 1.516236e+01 8.957874e+01 5.315490e+01 1.090062e+01 8.455539e+01 3.746650e+01 1.707532e+01 7.670532e+01 2.727584e+01 1.953025e+01 
290 3481 -1.259983748401068970e+00 0 0 8.489622e+01 8.596169e+01 1.432263e+01 8.291381e+01 8.165597e+01 1.522798e+01 8.960505e+01 5.314274e+01 1.092719e+01 8.457721e+01 3.747272e+01 1.705324e+01 7.669332e+01 2.736018e+01 1.950762e+01 
291 3493 -1.261538081872487282e+00 0 0 8.493777e+01 8.598425e+01 1.429404e+01 8.292770e+01 8.157192e+01 1.518181e+01 8.960658e+01 5.316183e+01 1.090645e+01 8.454405e+01 3.747165e+01 1.708473e+01 7.672856e+01 2.738278e+01 1.955730e+01 
292 3505 -1.261638576826785929e+00 0 0 8.488526e+01 8.597813e+01 1.429713e+01 8.294666e+01 8.163988e+01 1.517706e+01 8.960296e+01 5.316961e+01 1.092468e+01 8.455578e+01 3.749171e+01 1.706308e+01 7.669089e+01 2.734491e+01 1.950093e+01 
293 3517 -1.261683354535925172e+00 0 0 8.491903e+01 8.596769e+01 1.430919e+01 8.295742e+01 8.165007e+01 1.517192e+01 8.958837e+01 5.319710e+01 1.092644e+01 8.453596e+01 3.740449e+01 1.702038e+01 7.671465e+01 2.730448e+01 1.950754e+01 
294 3529 -1.262125596539881656e+00 0 0 8.489597e+01 8.595180e+01 1.431065e+01 8.296246e+01 8.165666e+01 1.516388e+01 8.955346e+01 5.317735e+01 1.092677e+01 8.453262e+01 3.744998e+01 1.704782e+01 7.670646e+01 2.734161e+01 1.949689e+01 
295 3541 -1.262243761006795584e+00 0 0 8.491451e+01 8.596758e+01 1.430764e+01 8.294559e+01 8.167103e+01 1.516998e+01 8.957229e+01 5.315873e+01 1.096055e+01 8.458844e+01 3.746582e+01 1.700935e+01 7.673405e+01 2.736591e+01 1.949151e+01 
296 3553 -1.262683110444937862e+00 0 0 8.489816e+01 8.596557e+01 1.429811e+01 8.298867e+01 8.165786e+01 1.518030e+01 8.954084e+01 5.317739e+01 1.090238e+01 8.457084e+01 3.739804e+01 1.700249e+01 7.670245e+01 2.735210e+01 1.948754e+01 
297 3565 -1.262350502560140919e+00 0 0 8.491778e+01 8.596990e+01 1.431547e+01 8.297410e+01 8.162240e+01 1.516762e+01 8.956057e+01 5.318169e+01 1.091725e+01 8.452789e+01 3.746307e+01 1.704063e+01 7.673576e+01 2.737283e+01 1.951892e+01 
298 3577 -1.262419215091942659e+00 0 0 8.494037e+01 8.596175e+01 1.430882e+01 8.295357e+01 8.163988e+01 1.516339e+01 8.955384e+01 5.319547e+01 1.087828e+01 8.454743e+01 3.744620e+01 1.702416e+01 7.673966e+01 2.735019e+01 1.953341e+01 
299 3589 -1.262999803983523739e+00 0 0 8.494205e+01 8.595972e+01 1.429604e+01 8.296753e+01 8.162954e+01 1.517764e+01 8.952444e+01 5.317681e+01 1.085775e+01 8.454132e+01 3.744362e+01 1.700558e+01 7.674839e+01 2.735561e+01 1.952107e+01 
300 3601 -1.263237078765923949e+00 0 0 8.492175e+01 8.597768e+01 1.429233e+01 8.293075e+01 8.164401e+01 1.515949e+01 8.952008e+01 5.316128e+01 1.088276e+01 8.454566e+01 3.748145e+01 1.700409e+01 7.674627e+01 2.737790e+01 1.951462e+01 
