%  columns="iteration, evaluation, sigma, max axis length, min axis length, all principal axes lengths (sorted square roots of eigenvalues of C)" (startseed=1, 2016/03/24 13:3:32.66)
1 13 2.338159e+00 1.041665e+00 9.894082e-01 9.894082e-01 9.894082e-01 9.894082e-01 9.894082e-01 9.894082e-01 9.894082e-01 9.894082e-01 9.894082e-01 9.894082e-01 9.903459e-01 9.929361e-01 9.972446e-01 1.005152e+00 1.017906e+00 1.041665e+00 
2 25 2.346028e+00 1.094532e+00 9.789286e-01 9.789286e-01 9.789286e-01 9.789286e-01 9.790856e-01 9.797884e-01 9.804190e-01 9.814951e-01 9.821420e-01 9.851166e-01 9.908664e-01 9.953437e-01 9.960675e-01 1.009557e+00 1.040210e+00 1.094532e+00 
3 37 2.354997e+00 1.109398e+00 9.685814e-01 9.685814e-01 9.691710e-01 9.704763e-01 9.715251e-01 9.726209e-01 9.737251e-01 9.756087e-01 9.776433e-01 9.837913e-01 9.866236e-01 9.883137e-01 1.005984e+00 1.020799e+00 1.054554e+00 1.109398e+00 
4 49 2.467953e+00 1.153306e+00 9.593435e-01 9.593435e-01 9.611534e-01 9.620307e-01 9.648286e-01 9.654176e-01 9.667270e-01 9.694287e-01 9.732232e-01 9.780488e-01 9.845960e-01 9.961103e-01 9.997372e-01 1.016071e+00 1.080432e+00 1.153306e+00 
5 61 2.591344e+00 1.225571e+00 9.501317e-01 9.501317e-01 9.525130e-01 9.528690e-01 9.557404e-01 9.603023e-01 9.609754e-01 9.643436e-01 9.711144e-01 9.742338e-01 9.862048e-01 9.922334e-01 9.996694e-01 1.016329e+00 1.076475e+00 1.225571e+00 
6 73 2.627416e+00 1.245030e+00 9.429333e-01 9.429333e-01 9.445329e-01 9.472247e-01 9.504720e-01 9.508643e-01 9.545319e-01 9.621960e-01 9.663824e-01 9.725698e-01 9.872493e-01 1.006020e+00 1.018660e+00 1.032260e+00 1.067529e+00 1.245030e+00 
7 85 2.623142e+00 1.253010e+00 9.342817e-01 9.342817e-01 9.373885e-01 9.419168e-01 9.437940e-01 9.471552e-01 9.511559e-01 9.596907e-01 9.614809e-01 9.650835e-01 9.801696e-01 1.004818e+00 1.019027e+00 1.043930e+00 1.084807e+00 1.253010e+00 
8 97 2.649148e+00 1.260224e+00 9.279155e-01 9.279155e-01 9.284736e-01 9.341249e-01 9.374323e-01 9.415327e-01 9.500574e-01 9.543337e-01 9.559714e-01 9.581960e-01 9.791412e-01 9.978209e-01 1.016072e+00 1.069688e+00 1.086374e+00 1.260224e+00 
9 109 2.594051e+00 1.259634e+00 9.211768e-01 9.211768e-01 9.234770e-01 9.273258e-01 9.356960e-01 9.389890e-01 9.451188e-01 9.474938e-01 9.502395e-01 9.542730e-01 9.832997e-01 9.971588e-01 1.028484e+00 1.069748e+00 1.095374e+00 1.259634e+00 
10 121 2.548850e+00 1.254375e+00 9.154155e-01 9.154155e-01 9.157836e-01 9.266521e-01 9.278631e-01 9.325287e-01 9.362438e-01 9.417203e-01 9.442678e-01 9.668200e-01 9.781141e-01 9.951317e-01 1.042747e+00 1.067289e+00 1.088760e+00 1.254375e+00 
11 133 2.400860e+00 1.259667e+00 9.078078e-01 9.078078e-01 9.098654e-01 9.203587e-01 9.245578e-01 9.281150e-01 9.333016e-01 9.352663e-01 9.412005e-01 9.610388e-01 9.695121e-01 9.884549e-01 1.042587e+00 1.069239e+00 1.084824e+00 1.259667e+00 
12 145 2.367345e+00 1.267439e+00 8.996133e-01 8.996133e-01 9.120330e-01 9.127694e-01 9.191771e-01 9.232173e-01 9.255898e-01 9.340863e-01 9.389185e-01 9.564417e-01 9.687159e-01 9.928363e-01 1.043360e+00 1.063967e+00 1.091157e+00 1.267439e+00 
13 157 2.359326e+00 1.282492e+00 8.926749e-01 8.926749e-01 9.059933e-01 9.066365e-01 9.143527e-01 9.184653e-01 9.249472e-01 9.321451e-01 9.348063e-01 9.518110e-01 9.690357e-01 9.990688e-01 1.039645e+00 1.062874e+00 1.098326e+00 1.282492e+00 
14 169 2.326072e+00 1.284144e+00 8.872744e-01 8.872744e-01 8.988152e-01 9.013656e-01 9.105816e-01 9.175922e-01 9.214234e-01 9.286914e-01 9.321158e-01 9.601020e-01 9.707897e-01 9.919364e-01 1.034734e+00 1.057880e+00 1.105179e+00 1.284144e+00 
15 181 2.292769e+00 1.273927e+00 8.827270e-01 8.827270e-01 8.924018e-01 8.980864e-01 9.023275e-01 9.125290e-01 9.177324e-01 9.226376e-01 9.370405e-01 9.517425e-01 9.728644e-01 9.854696e-01 1.039558e+00 1.052907e+00 1.107178e+00 1.273927e+00 
16 193 2.229975e+00 1.264379e+00 8.761158e-01 8.761158e-01 8.852783e-01 8.937834e-01 8.955694e-01 9.070776e-01 9.140256e-01 9.223427e-01 9.391085e-01 9.502932e-01 9.731920e-01 9.838918e-01 1.044681e+00 1.058842e+00 1.116139e+00 1.264379e+00 
17 205 2.252400e+00 1.256667e+00 8.709139e-01 8.709139e-01 8.781270e-01 8.873115e-01 8.900768e-01 9.002255e-01 9.081196e-01 9.164301e-01 9.389501e-01 9.546536e-01 9.747116e-01 1.003611e+00 1.035352e+00 1.069090e+00 1.113906e+00 1.256667e+00 
18 217 2.196950e+00 1.246206e+00 8.637861e-01 8.637861e-01 8.743487e-01 8.803291e-01 8.852094e-01 8.928282e-01 9.014584e-01 9.119333e-01 9.391425e-01 9.512295e-01 9.657167e-01 1.004911e+00 1.031310e+00 1.076702e+00 1.120859e+00 1.246206e+00 
19 229 2.264923e+00 1.253777e+00 8.585527e-01 8.585527e-01 8.670433e-01 8.744210e-01 8.777395e-01 8.898811e-01 9.031802e-01 9.220799e-01 9.326707e-01 9.462789e-01 9.778319e-01 1.009431e+00 1.034758e+00 1.076496e+00 1.126913e+00 1.253777e+00 
20 241 2.138274e+00 1.259382e+00 8.546780e-01 8.546780e-01 8.583092e-01 8.717415e-01 8.734600e-01 8.845683e-01 9.029756e-01 9.188404e-01 9.285042e-01 9.425393e-01 9.738302e-01 1.006286e+00 1.036696e+00 1.072532e+00 1.127995e+00 1.259382e+00 
21 253 2.024331e+00 1.250062e+00 8.493898e-01 8.493898e-01 8.541250e-01 8.677679e-01 8.708492e-01 8.829119e-01 8.970891e-01 9.116520e-01 9.276710e-01 9.368874e-01 9.759771e-01 1.009501e+00 1.032253e+00 1.077892e+00 1.156038e+00 1.250062e+00 
22 265 2.061912e+00 1.246241e+00 8.438860e-01 8.438860e-01 8.507071e-01 8.624388e-01 8.783122e-01 8.812341e-01 8.915233e-01 9.120306e-01 9.195734e-01 9.380634e-01 9.717455e-01 1.013620e+00 1.033645e+00 1.082105e+00 1.159682e+00 1.246241e+00 
23 277 2.035429e+00 1.241295e+00 8.367144e-01 8.367144e-01 8.508543e-01 8.578368e-01 8.706526e-01 8.778052e-01 8.839761e-01 9.059156e-01 9.146913e-01 9.574471e-01 9.781402e-01 1.010229e+00 1.030136e+00 1.078399e+00 1.158596e+00 1.241295e+00 
24 289 1.986720e+00 1.233239e+00 8.316208e-01 8.316208e-01 8.447252e-01 8.541415e-01 8.657515e-01 8.718714e-01 8.789103e-01 9.054125e-01 9.317262e-01 9.568314e-01 9.903854e-01 1.003898e+00 1.028838e+00 1.078055e+00 1.157124e+00 1.233239e+00 
25 301 1.917181e+00 1.223883e+00 8.258620e-01 8.258620e-01 8.411274e-01 8.523281e-01 8.656860e-01 8.708697e-01 8.806541e-01 8.996322e-01 9.314167e-01 9.615134e-01 9.854649e-01 9.985165e-01 1.027820e+00 1.070259e+00 1.166676e+00 1.223883e+00 
26 313 1.824962e+00 1.221043e+00 8.250356e-01 8.250356e-01 8.346401e-01 8.447323e-01 8.575214e-01 8.660190e-01 8.759639e-01 8.952264e-01 9.332064e-01 9.607769e-01 9.857931e-01 9.940636e-01 1.025242e+00 1.070895e+00 1.196318e+00 1.221043e+00 
27 325 1.733213e+00 1.216665e+00 8.216087e-01 8.216087e-01 8.272504e-01 8.379959e-01 8.547008e-01 8.625531e-01 8.711984e-01 9.005140e-01 9.402830e-01 9.562323e-01 9.840266e-01 9.924724e-01 1.034119e+00 1.066448e+00 1.207933e+00 1.216665e+00 
28 337 1.714557e+00 1.218611e+00 8.169318e-01 8.169318e-01 8.191618e-01 8.333782e-01 8.483272e-01 8.603489e-01 8.663680e-01 8.973760e-01 9.472039e-01 9.498663e-01 9.784448e-01 9.998746e-01 1.050462e+00 1.070727e+00 1.207999e+00 1.218611e+00 
29 349 1.695006e+00 1.232081e+00 8.152196e-01 8.152196e-01 8.221475e-01 8.328580e-01 8.473324e-01 8.593716e-01 8.622022e-01 8.934607e-01 9.432555e-01 9.656385e-01 9.714187e-01 9.993602e-01 1.053633e+00 1.065736e+00 1.205875e+00 1.232081e+00 
30 361 1.719316e+00 1.224649e+00 8.106319e-01 8.106319e-01 8.149026e-01 8.303076e-01 8.395347e-01 8.548336e-01 8.670805e-01 9.065016e-01 9.426876e-01 9.628293e-01 9.669543e-01 9.999660e-01 1.055388e+00 1.069929e+00 1.216723e+00 1.224649e+00 
31 373 1.662988e+00 1.228845e+00 8.057024e-01 8.057024e-01 8.107109e-01 8.238404e-01 8.337886e-01 8.502279e-01 8.628553e-01 9.095721e-01 9.415128e-01 9.578714e-01 9.656228e-01 9.954480e-01 1.046331e+00 1.072033e+00 1.206061e+00 1.228845e+00 
32 385 1.693450e+00 1.272619e+00 7.991041e-01 7.991041e-01 8.037881e-01 8.226529e-01 8.307268e-01 8.477538e-01 8.664548e-01 9.058252e-01 9.352984e-01 9.499517e-01 9.682254e-01 9.907704e-01 1.040466e+00 1.066903e+00 1.197641e+00 1.272619e+00 
33 397 1.763917e+00 1.315852e+00 7.915767e-01 7.915767e-01 7.980998e-01 8.178669e-01 8.314835e-01 8.424448e-01 8.656499e-01 9.019263e-01 9.305439e-01 9.489835e-01 9.639221e-01 9.978240e-01 1.045402e+00 1.061699e+00 1.198934e+00 1.315852e+00 
34 409 1.839827e+00 1.328916e+00 7.887055e-01 7.887055e-01 7.928321e-01 8.109919e-01 8.252465e-01 8.626038e-01 8.685560e-01 9.020345e-01 9.337768e-01 9.538334e-01 9.613934e-01 9.962651e-01 1.043624e+00 1.072815e+00 1.201914e+00 1.328916e+00 
35 421 1.825233e+00 1.354167e+00 7.825721e-01 7.825721e-01 7.917674e-01 8.055634e-01 8.235736e-01 8.599175e-01 8.758622e-01 8.995161e-01 9.280588e-01 9.553555e-01 9.602978e-01 9.904232e-01 1.050925e+00 1.069302e+00 1.197058e+00 1.354167e+00 
36 433 1.794524e+00 1.353961e+00 7.779733e-01 7.779733e-01 7.884085e-01 8.069841e-01 8.188910e-01 8.541972e-01 8.711928e-01 8.970455e-01 9.244522e-01 9.541998e-01 9.681396e-01 9.824608e-01 1.046982e+00 1.068181e+00 1.195651e+00 1.353961e+00 
37 445 1.853946e+00 1.360536e+00 7.783468e-01 7.783468e-01 7.833851e-01 8.014417e-01 8.129996e-01 8.574040e-01 8.646488e-01 8.958442e-01 9.166534e-01 9.496158e-01 9.639335e-01 9.795830e-01 1.054297e+00 1.095124e+00 1.190241e+00 1.360536e+00 
38 457 1.932132e+00 1.365725e+00 7.745028e-01 7.745028e-01 7.871798e-01 7.936628e-01 8.115998e-01 8.576887e-01 8.602147e-01 8.949163e-01 9.281055e-01 9.428659e-01 9.662478e-01 9.740107e-01 1.049269e+00 1.109772e+00 1.186348e+00 1.365725e+00 
39 469 2.008787e+00 1.368878e+00 7.765461e-01 7.765461e-01 7.836597e-01 7.934669e-01 8.078360e-01 8.540147e-01 8.584858e-01 8.871675e-01 9.280470e-01 9.432176e-01 9.663826e-01 9.753655e-01 1.040954e+00 1.154223e+00 1.189538e+00 1.368878e+00 
40 481 2.002886e+00 1.360843e+00 7.706265e-01 7.706265e-01 7.772680e-01 7.888649e-01 8.151066e-01 8.508304e-01 8.545850e-01 8.867296e-01 9.210033e-01 9.368454e-01 9.675709e-01 9.702912e-01 1.032219e+00 1.166984e+00 1.187143e+00 1.360843e+00 
41 493 1.956628e+00 1.351229e+00 7.646763e-01 7.646763e-01 7.731620e-01 7.881210e-01 8.112530e-01 8.472699e-01 8.508879e-01 8.877358e-01 9.136786e-01 9.346513e-01 9.638951e-01 9.790707e-01 1.023775e+00 1.165399e+00 1.201009e+00 1.351229e+00 
42 505 1.871248e+00 1.344838e+00 7.625720e-01 7.625720e-01 7.688262e-01 7.819637e-01 8.065338e-01 8.406136e-01 8.586068e-01 8.871521e-01 9.077197e-01 9.268592e-01 9.615970e-01 9.804496e-01 1.015421e+00 1.157083e+00 1.197866e+00 1.344838e+00 
43 517 1.861833e+00 1.340543e+00 7.570379e-01 7.570379e-01 7.640445e-01 7.794972e-01 8.005790e-01 8.369776e-01 8.670486e-01 8.819896e-01 8.994339e-01 9.369777e-01 9.578735e-01 9.799638e-01 1.021943e+00 1.153917e+00 1.192712e+00 1.340543e+00 
44 529 1.817131e+00 1.331854e+00 7.516623e-01 7.516623e-01 7.581191e-01 7.748622e-01 7.952815e-01 8.319325e-01 8.691157e-01 8.818965e-01 8.966881e-01 9.334251e-01 9.517120e-01 9.908573e-01 1.025934e+00 1.148160e+00 1.184528e+00 1.331854e+00 
45 541 1.815130e+00 1.321201e+00 7.461613e-01 7.461613e-01 7.535121e-01 7.728367e-01 7.911254e-01 8.312650e-01 8.644467e-01 8.892177e-01 9.071937e-01 9.290667e-01 9.462005e-01 1.006084e+00 1.028982e+00 1.142456e+00 1.193071e+00 1.321201e+00 
46 553 1.895281e+00 1.321432e+00 7.398891e-01 7.398891e-01 7.560519e-01 7.666075e-01 7.850087e-01 8.301945e-01 8.629630e-01 8.842062e-01 9.043840e-01 9.308932e-01 9.443615e-01 1.011100e+00 1.030989e+00 1.150795e+00 1.206840e+00 1.321432e+00 
47 565 1.916668e+00 1.312411e+00 7.342896e-01 7.342896e-01 7.560156e-01 7.669696e-01 7.813284e-01 8.351790e-01 8.581956e-01 8.767372e-01 8.952539e-01 9.292984e-01 9.363808e-01 1.003813e+00 1.029893e+00 1.150878e+00 1.210393e+00 1.312411e+00 
48 577 1.945452e+00 1.305344e+00 7.328507e-01 7.328507e-01 7.563754e-01 7.704294e-01 7.879048e-01 8.381137e-01 8.518918e-01 8.719351e-01 8.910173e-01 9.244755e-01 9.301854e-01 9.951184e-01 1.025435e+00 1.147283e+00 1.230869e+00 1.305344e+00 
49 589 1.849643e+00 1.295442e+00 7.288111e-01 7.288111e-01 7.550690e-01 7.668992e-01 7.942029e-01 8.367504e-01 8.472306e-01 8.666712e-01 8.855262e-01 9.195821e-01 9.255906e-01 9.867720e-01 1.030959e+00 1.135850e+00 1.230559e+00 1.295442e+00 
50 601 1.772662e+00 1.293990e+00 7.247140e-01 7.247140e-01 7.517019e-01 7.654168e-01 7.892040e-01 8.405878e-01 8.432448e-01 8.615891e-01 8.834490e-01 9.112960e-01 9.346136e-01 9.787767e-01 1.024871e+00 1.141938e+00 1.225167e+00 1.293990e+00 
51 613 1.676122e+00 1.303303e+00 7.199128e-01 7.199128e-01 7.448905e-01 7.669386e-01 7.844105e-01 8.350286e-01 8.459834e-01 8.613768e-01 8.793103e-01 9.051636e-01 9.321536e-01 9.806998e-01 1.026279e+00 1.136859e+00 1.230017e+00 1.303303e+00 
52 625 1.598512e+00 1.296695e+00 7.145114e-01 7.145114e-01 7.389851e-01 7.638705e-01 7.810242e-01 8.281923e-01 8.421804e-01 8.575966e-01 8.723213e-01 8.994237e-01 9.296245e-01 9.835554e-01 1.021101e+00 1.130724e+00 1.230551e+00 1.296695e+00 
53 637 1.551514e+00 1.290400e+00 7.104123e-01 7.104123e-01 7.330947e-01 7.619384e-01 7.752305e-01 8.213140e-01 8.376721e-01 8.538031e-01 8.677827e-01 8.942932e-01 9.232623e-01 9.837440e-01 1.012616e+00 1.127762e+00 1.243037e+00 1.290400e+00 
54 649 1.465209e+00 1.285269e+00 7.038659e-01 7.038659e-01 7.261122e-01 7.583962e-01 7.720577e-01 8.236303e-01 8.361687e-01 8.523480e-01 8.606878e-01 8.915595e-01 9.168430e-01 9.826545e-01 1.015066e+00 1.127558e+00 1.240024e+00 1.285269e+00 
55 661 1.386340e+00 1.276264e+00 6.986182e-01 6.986182e-01 7.221842e-01 7.609966e-01 7.835799e-01 8.217780e-01 8.303924e-01 8.478383e-01 8.578775e-01 8.914889e-01 9.105803e-01 9.761293e-01 1.010489e+00 1.124429e+00 1.240086e+00 1.276264e+00 
56 673 1.322186e+00 1.266415e+00 6.955614e-01 6.955614e-01 7.162247e-01 7.538391e-01 7.868322e-01 8.164448e-01 8.260330e-01 8.482201e-01 8.537212e-01 8.849300e-01 9.084159e-01 9.734527e-01 1.016975e+00 1.123180e+00 1.236689e+00 1.266415e+00 
57 685 1.336940e+00 1.306688e+00 6.905148e-01 6.905148e-01 7.124600e-01 7.490490e-01 7.823236e-01 8.188117e-01 8.291504e-01 8.421415e-01 8.510531e-01 8.815692e-01 9.040282e-01 9.862712e-01 1.025730e+00 1.127072e+00 1.228316e+00 1.306688e+00 
58 697 1.353471e+00 1.306830e+00 6.864968e-01 6.864968e-01 7.116612e-01 7.461343e-01 7.751126e-01 8.190791e-01 8.297697e-01 8.354595e-01 8.511033e-01 8.766595e-01 9.110465e-01 9.774211e-01 1.040630e+00 1.135406e+00 1.221051e+00 1.306830e+00 
59 709 1.376066e+00 1.307905e+00 6.829875e-01 6.829875e-01 7.060330e-01 7.387989e-01 7.718305e-01 8.160330e-01 8.253393e-01 8.385792e-01 8.469713e-01 8.765668e-01 9.103062e-01 9.787557e-01 1.058291e+00 1.137878e+00 1.226687e+00 1.307905e+00 
60 721 1.393810e+00 1.313832e+00 6.843763e-01 6.843763e-01 7.021586e-01 7.342171e-01 7.659796e-01 8.096827e-01 8.214323e-01 8.397062e-01 8.493120e-01 8.730249e-01 9.137708e-01 9.720103e-01 1.059572e+00 1.157555e+00 1.224821e+00 1.313832e+00 
61 733 1.376189e+00 1.326884e+00 6.796706e-01 6.796706e-01 7.024014e-01 7.342469e-01 7.588223e-01 8.064615e-01 8.186870e-01 8.309580e-01 8.534943e-01 8.696822e-01 9.123488e-01 9.661921e-01 1.062214e+00 1.153320e+00 1.218974e+00 1.326884e+00 
62 745 1.253552e+00 1.326424e+00 6.747876e-01 6.747876e-01 6.989917e-01 7.351979e-01 7.522308e-01 8.008156e-01 8.173171e-01 8.377234e-01 8.527468e-01 8.668732e-01 9.081105e-01 9.633180e-01 1.060649e+00 1.153625e+00 1.210944e+00 1.326424e+00 
63 757 1.195950e+00 1.346022e+00 6.695768e-01 6.695768e-01 6.959068e-01 7.290635e-01 7.534677e-01 7.986086e-01 8.098027e-01 8.315467e-01 8.479669e-01 8.646134e-01 9.146185e-01 9.573986e-01 1.057225e+00 1.149913e+00 1.219163e+00 1.346022e+00 
64 769 1.174448e+00 1.362061e+00 6.663334e-01 6.663334e-01 6.927398e-01 7.243632e-01 7.469775e-01 7.958403e-01 8.044274e-01 8.339823e-01 8.430683e-01 8.627299e-01 9.075027e-01 9.545622e-01 1.046906e+00 1.163026e+00 1.228073e+00 1.362061e+00 
65 781 1.184000e+00 1.359128e+00 6.604235e-01 6.604235e-01 6.895972e-01 7.188984e-01 7.432238e-01 7.927598e-01 7.990247e-01 8.322202e-01 8.396852e-01 8.652743e-01 9.022382e-01 9.512617e-01 1.040285e+00 1.167780e+00 1.255657e+00 1.359128e+00 
66 793 1.199643e+00 1.357791e+00 6.573731e-01 6.573731e-01 6.881408e-01 7.186304e-01 7.363973e-01 7.913706e-01 8.009834e-01 8.279999e-01 8.431971e-01 8.686235e-01 9.010249e-01 9.640880e-01 1.032692e+00 1.170290e+00 1.262179e+00 1.357791e+00 
67 805 1.130354e+00 1.348455e+00 6.524632e-01 6.524632e-01 6.824939e-01 7.126133e-01 7.335703e-01 7.864364e-01 7.964432e-01 8.276239e-01 8.380820e-01 8.631107e-01 8.997353e-01 9.626198e-01 1.030437e+00 1.165564e+00 1.260337e+00 1.348455e+00 
68 817 1.140266e+00 1.343766e+00 6.476579e-01 6.476579e-01 6.775702e-01 7.147300e-01 7.381658e-01 7.794072e-01 7.893012e-01 8.257703e-01 8.370944e-01 8.552036e-01 9.001188e-01 9.577393e-01 1.066382e+00 1.159896e+00 1.262621e+00 1.343766e+00 
69 829 1.123096e+00 1.341659e+00 6.433250e-01 6.433250e-01 6.763253e-01 7.135916e-01 7.322674e-01 7.727479e-01 7.817390e-01 8.233514e-01 8.335244e-01 8.567274e-01 9.060289e-01 9.549289e-01 1.078028e+00 1.162289e+00 1.264695e+00 1.341659e+00 
70 841 1.099785e+00 1.346958e+00 6.451211e-01 6.451211e-01 6.771751e-01 7.062557e-01 7.259264e-01 7.678007e-01 7.763979e-01 8.198031e-01 8.310173e-01 8.611730e-01 9.003742e-01 9.477570e-01 1.074950e+00 1.157461e+00 1.261662e+00 1.346958e+00 
71 853 1.057389e+00 1.348617e+00 6.390548e-01 6.390548e-01 6.730085e-01 7.020470e-01 7.198339e-01 7.662929e-01 7.805776e-01 8.143242e-01 8.354733e-01 8.718863e-01 8.984877e-01 9.463677e-01 1.075270e+00 1.150399e+00 1.254669e+00 1.348617e+00 
72 865 1.000781e+00 1.365613e+00 6.399120e-01 6.399120e-01 6.668106e-01 6.955220e-01 7.174948e-01 7.634459e-01 7.799216e-01 8.112188e-01 8.292236e-01 8.681438e-01 8.912467e-01 9.602480e-01 1.074711e+00 1.150470e+00 1.245953e+00 1.365613e+00 
73 877 1.000594e+00 1.427269e+00 6.375787e-01 6.375787e-01 6.629271e-01 6.907473e-01 7.124885e-01 7.590119e-01 7.778076e-01 8.089942e-01 8.230139e-01 8.635227e-01 8.911244e-01 9.629403e-01 1.065809e+00 1.143806e+00 1.252134e+00 1.427269e+00 
74 889 9.848281e-01 1.438131e+00 6.371139e-01 6.371139e-01 6.584612e-01 6.869912e-01 7.079346e-01 7.548659e-01 7.741148e-01 8.154698e-01 8.307027e-01 8.595701e-01 8.883273e-01 9.604490e-01 1.062838e+00 1.148177e+00 1.265954e+00 1.438131e+00 
75 901 9.712498e-01 1.431868e+00 6.338208e-01 6.338208e-01 6.616933e-01 6.819944e-01 7.036338e-01 7.528764e-01 7.687103e-01 8.126991e-01 8.368440e-01 8.711017e-01 8.832343e-01 9.527382e-01 1.061712e+00 1.147229e+00 1.259751e+00 1.431868e+00 
76 913 9.432635e-01 1.421753e+00 6.350811e-01 6.350811e-01 6.588134e-01 6.776679e-01 6.980987e-01 7.460267e-01 7.609663e-01 8.074123e-01 8.395804e-01 8.726122e-01 8.804272e-01 9.542514e-01 1.057122e+00 1.143002e+00 1.260108e+00 1.421753e+00 
77 925 9.176824e-01 1.411461e+00 6.378392e-01 6.378392e-01 6.614225e-01 6.725033e-01 6.963559e-01 7.424247e-01 7.578018e-01 8.059897e-01 8.446588e-01 8.674474e-01 8.858705e-01 9.474168e-01 1.048653e+00 1.134310e+00 1.259538e+00 1.411461e+00 
78 937 9.087843e-01 1.403189e+00 6.358145e-01 6.358145e-01 6.602445e-01 6.755780e-01 6.938816e-01 7.429201e-01 7.531382e-01 7.996547e-01 8.448784e-01 8.638142e-01 8.838661e-01 9.385210e-01 1.042428e+00 1.135993e+00 1.270549e+00 1.403189e+00 
79 949 9.337234e-01 1.393717e+00 6.328711e-01 6.328711e-01 6.657887e-01 6.742703e-01 7.197159e-01 7.462343e-01 7.577593e-01 8.006438e-01 8.522892e-01 8.603671e-01 8.813284e-01 9.342291e-01 1.039014e+00 1.131500e+00 1.266254e+00 1.393717e+00 
80 961 9.402910e-01 1.383664e+00 6.296394e-01 6.296394e-01 6.607796e-01 6.690539e-01 7.180538e-01 7.458391e-01 7.569016e-01 8.066194e-01 8.522627e-01 8.608074e-01 8.819814e-01 9.340015e-01 1.035205e+00 1.124810e+00 1.275495e+00 1.383664e+00 
81 973 9.360777e-01 1.373956e+00 6.442787e-01 6.442787e-01 6.563340e-01 6.634188e-01 7.115595e-01 7.417402e-01 7.511609e-01 8.076633e-01 8.469342e-01 8.638271e-01 8.837292e-01 9.277724e-01 1.037292e+00 1.124539e+00 1.276190e+00 1.373956e+00 
82 985 9.731774e-01 1.380003e+00 6.397213e-01 6.397213e-01 6.542701e-01 6.610632e-01 7.100986e-01 7.429077e-01 7.468654e-01 8.028122e-01 8.455586e-01 8.668725e-01 9.009833e-01 9.310325e-01 1.042219e+00 1.128249e+00 1.278930e+00 1.380003e+00 
83 997 9.873142e-01 1.387367e+00 6.348943e-01 6.348943e-01 6.519512e-01 6.627668e-01 7.046099e-01 7.388283e-01 7.464547e-01 7.965059e-01 8.461892e-01 8.612983e-01 9.153697e-01 9.311963e-01 1.037309e+00 1.130923e+00 1.280263e+00 1.387367e+00 
84 1009 9.499635e-01 1.389442e+00 6.304153e-01 6.304153e-01 6.507011e-01 6.565889e-01 7.014639e-01 7.335307e-01 7.485086e-01 7.891118e-01 8.384418e-01 8.603581e-01 9.089614e-01 9.418957e-01 1.030101e+00 1.123920e+00 1.275041e+00 1.389442e+00 
85 1021 9.567399e-01 1.379976e+00 6.272467e-01 6.272467e-01 6.491770e-01 6.601156e-01 6.949836e-01 7.318263e-01 7.425228e-01 7.891508e-01 8.345828e-01 8.553060e-01 9.089432e-01 9.493641e-01 1.033907e+00 1.116226e+00 1.270293e+00 1.379976e+00 
86 1033 9.647884e-01 1.385442e+00 6.238241e-01 6.238241e-01 6.527649e-01 6.632332e-01 6.917207e-01 7.269792e-01 7.352754e-01 7.883621e-01 8.339485e-01 8.587386e-01 9.030517e-01 9.615147e-01 1.034683e+00 1.109907e+00 1.264236e+00 1.385442e+00 
87 1045 9.779306e-01 1.379254e+00 6.180269e-01 6.180269e-01 6.505235e-01 6.695113e-01 6.862708e-01 7.227433e-01 7.311309e-01 7.841889e-01 8.260990e-01 8.528563e-01 9.103947e-01 9.828466e-01 1.027897e+00 1.105644e+00 1.257060e+00 1.379254e+00 
88 1057 9.426091e-01 1.370729e+00 6.133009e-01 6.133009e-01 6.447820e-01 6.699834e-01 6.844374e-01 7.195623e-01 7.308595e-01 7.838342e-01 8.188274e-01 8.567142e-01 9.106455e-01 9.870852e-01 1.019624e+00 1.101205e+00 1.251748e+00 1.370729e+00 
89 1069 9.002484e-01 1.365997e+00 6.143670e-01 6.143670e-01 6.405465e-01 6.669936e-01 6.790115e-01 7.210681e-01 7.354443e-01 7.826015e-01 8.126410e-01 8.605282e-01 9.058242e-01 9.844390e-01 1.018124e+00 1.096760e+00 1.245737e+00 1.365997e+00 
90 1081 8.744159e-01 1.355638e+00 6.122818e-01 6.122818e-01 6.400464e-01 6.656858e-01 6.742651e-01 7.162098e-01 7.349331e-01 7.850849e-01 8.092666e-01 8.665026e-01 8.998990e-01 9.789761e-01 1.018303e+00 1.093826e+00 1.252401e+00 1.355638e+00 
91 1093 8.874430e-01 1.343270e+00 6.062663e-01 6.062663e-01 6.385105e-01 6.620720e-01 6.787136e-01 7.114751e-01 7.350659e-01 7.829212e-01 8.074960e-01 8.843284e-01 8.976330e-01 9.723898e-01 1.014760e+00 1.103278e+00 1.246189e+00 1.343270e+00 
92 1105 9.193211e-01 1.354428e+00 6.023069e-01 6.023069e-01 6.332436e-01 6.576807e-01 6.755699e-01 7.081808e-01 7.282661e-01 7.806156e-01 8.078777e-01 8.853310e-01 9.045239e-01 9.696477e-01 1.011975e+00 1.119085e+00 1.241792e+00 1.354428e+00 
93 1117 9.293001e-01 1.356734e+00 5.991814e-01 5.991814e-01 6.288031e-01 6.525658e-01 6.883963e-01 7.059748e-01 7.236109e-01 7.792262e-01 8.170458e-01 8.807064e-01 9.112532e-01 9.692914e-01 1.004187e+00 1.139138e+00 1.235102e+00 1.356734e+00 
94 1129 8.696301e-01 1.347859e+00 5.948129e-01 5.948129e-01 6.238374e-01 6.513052e-01 6.871741e-01 7.038866e-01 7.232416e-01 7.766593e-01 8.115265e-01 8.834564e-01 9.062651e-01 9.631266e-01 1.006468e+00 1.139974e+00 1.231740e+00 1.347859e+00 
95 1141 8.174575e-01 1.354102e+00 5.921392e-01 5.921392e-01 6.180259e-01 6.472121e-01 6.855843e-01 6.995674e-01 7.258393e-01 7.713539e-01 8.079695e-01 8.782077e-01 9.034984e-01 9.580090e-01 1.000122e+00 1.149511e+00 1.223455e+00 1.354102e+00 
96 1153 7.933255e-01 1.352721e+00 5.997037e-01 5.997037e-01 6.134818e-01 6.461959e-01 6.809179e-01 6.964771e-01 7.244252e-01 7.670316e-01 8.101336e-01 8.780174e-01 9.017043e-01 9.507179e-01 1.003296e+00 1.156899e+00 1.215175e+00 1.352721e+00 
97 1165 8.142556e-01 1.368694e+00 6.000931e-01 6.000931e-01 6.102282e-01 6.433536e-01 6.784881e-01 6.907882e-01 7.218733e-01 7.659495e-01 8.064930e-01 8.781520e-01 8.975969e-01 9.552339e-01 1.023300e+00 1.161134e+00 1.205689e+00 1.368694e+00 
98 1177 8.405413e-01 1.362239e+00 5.964305e-01 5.964305e-01 6.088719e-01 6.404642e-01 6.722302e-01 6.865068e-01 7.177649e-01 7.615700e-01 8.000366e-01 8.758911e-01 8.964453e-01 9.779305e-01 1.019063e+00 1.152713e+00 1.235132e+00 1.362239e+00 
99 1189 8.476256e-01 1.360833e+00 5.934028e-01 5.934028e-01 6.051698e-01 6.395133e-01 6.665813e-01 6.815549e-01 7.186306e-01 7.583075e-01 7.951130e-01 8.684403e-01 8.915042e-01 9.752449e-01 1.016468e+00 1.166424e+00 1.254240e+00 1.360833e+00 
100 1201 8.323853e-01 1.350583e+00 5.904098e-01 5.904098e-01 6.013944e-01 6.347642e-01 6.668149e-01 6.801261e-01 7.299312e-01 7.563543e-01 7.951289e-01 8.649597e-01 8.890126e-01 9.693202e-01 1.017828e+00 1.159047e+00 1.257490e+00 1.350583e+00 
101 1213 8.185225e-01 1.344996e+00 5.868136e-01 5.868136e-01 6.027508e-01 6.311778e-01 6.629601e-01 6.783024e-01 7.318413e-01 7.517734e-01 7.948130e-01 8.609679e-01 9.037091e-01 9.620966e-01 1.015041e+00 1.155919e+00 1.252674e+00 1.344996e+00 
102 1225 8.256654e-01 1.337184e+00 5.839801e-01 5.839801e-01 6.098251e-01 6.386975e-01 6.627288e-01 6.721769e-01 7.285434e-01 7.448625e-01 7.901002e-01 8.539884e-01 9.059741e-01 9.572820e-01 1.010364e+00 1.151167e+00 1.254184e+00 1.337184e+00 
103 1237 7.985691e-01 1.328306e+00 5.790041e-01 5.790041e-01 6.088797e-01 6.368010e-01 6.596740e-01 6.678518e-01 7.228901e-01 7.483694e-01 7.961016e-01 8.471062e-01 9.190404e-01 9.620231e-01 1.005076e+00 1.153935e+00 1.252286e+00 1.328306e+00 
104 1249 8.349773e-01 1.318012e+00 5.752710e-01 5.752710e-01 6.063216e-01 6.337764e-01 6.579209e-01 6.685778e-01 7.183435e-01 7.498993e-01 8.141110e-01 8.488678e-01 9.259727e-01 9.634322e-01 1.001013e+00 1.149062e+00 1.247973e+00 1.318012e+00 
105 1261 8.492067e-01 1.314763e+00 5.769961e-01 5.769961e-01 6.034795e-01 6.290012e-01 6.610358e-01 6.687336e-01 7.154292e-01 7.447917e-01 8.180655e-01 8.482254e-01 9.337230e-01 9.608528e-01 1.001435e+00 1.144340e+00 1.246272e+00 1.314763e+00 
106 1273 9.287674e-01 1.308805e+00 5.723077e-01 5.723077e-01 5.987900e-01 6.240884e-01 6.558899e-01 6.879713e-01 7.267564e-01 7.437307e-01 8.159908e-01 8.433227e-01 9.287863e-01 9.936105e-01 1.007131e+00 1.137639e+00 1.255674e+00 1.308805e+00 
107 1285 9.778687e-01 1.307026e+00 5.676311e-01 5.676311e-01 6.099981e-01 6.266328e-01 6.508357e-01 6.852868e-01 7.268081e-01 7.389223e-01 8.229048e-01 8.385912e-01 9.341190e-01 9.870034e-01 1.036069e+00 1.129565e+00 1.253940e+00 1.307026e+00 
108 1297 9.929012e-01 1.307093e+00 5.647851e-01 5.647851e-01 6.127333e-01 6.232906e-01 6.512380e-01 6.816547e-01 7.331257e-01 7.369735e-01 8.168496e-01 8.345319e-01 9.331077e-01 9.840316e-01 1.042950e+00 1.133472e+00 1.260985e+00 1.307093e+00 
109 1309 9.987709e-01 1.299071e+00 5.596886e-01 5.596886e-01 6.091183e-01 6.209873e-01 6.470085e-01 6.758803e-01 7.269426e-01 7.378416e-01 8.157529e-01 8.320876e-01 9.270187e-01 9.798692e-01 1.040624e+00 1.123756e+00 1.284882e+00 1.299071e+00 
110 1321 9.950552e-01 1.295342e+00 5.630107e-01 5.630107e-01 6.069404e-01 6.161153e-01 6.455313e-01 6.767321e-01 7.225671e-01 7.404624e-01 8.105814e-01 8.452268e-01 9.282136e-01 9.754924e-01 1.035521e+00 1.131538e+00 1.282617e+00 1.295342e+00 
111 1333 9.841221e-01 1.300739e+00 5.587213e-01 5.587213e-01 6.065660e-01 6.144000e-01 6.415674e-01 6.767760e-01 7.203849e-01 7.355232e-01 8.132449e-01 8.498168e-01 9.309003e-01 9.724726e-01 1.037373e+00 1.126288e+00 1.275544e+00 1.300739e+00 
112 1345 9.896750e-01 1.295973e+00 5.639866e-01 5.639866e-01 6.033276e-01 6.150045e-01 6.400090e-01 6.708483e-01 7.155119e-01 7.327865e-01 8.106971e-01 8.505712e-01 9.343278e-01 9.702779e-01 1.031786e+00 1.125595e+00 1.268522e+00 1.295973e+00 
113 1357 9.899530e-01 1.308103e+00 5.613351e-01 5.613351e-01 5.988785e-01 6.279946e-01 6.359402e-01 6.831607e-01 7.105076e-01 7.278180e-01 8.085640e-01 8.451573e-01 9.328344e-01 9.663924e-01 1.029335e+00 1.125700e+00 1.258819e+00 1.308103e+00 
114 1369 9.847019e-01 1.314432e+00 5.562198e-01 5.562198e-01 5.937303e-01 6.265760e-01 6.355696e-01 6.803813e-01 7.059999e-01 7.300708e-01 8.119804e-01 8.397439e-01 9.328723e-01 9.683268e-01 1.021379e+00 1.124696e+00 1.268281e+00 1.314432e+00 
115 1381 9.376040e-01 1.308339e+00 5.538651e-01 5.538651e-01 5.957445e-01 6.233750e-01 6.349485e-01 6.789278e-01 7.097913e-01 7.290367e-01 8.091721e-01 8.329734e-01 9.286939e-01 9.678449e-01 1.011631e+00 1.118622e+00 1.259042e+00 1.308339e+00 
116 1393 9.786657e-01 1.299612e+00 5.580690e-01 5.580690e-01 5.913000e-01 6.206391e-01 6.384859e-01 6.732631e-01 7.120319e-01 7.336925e-01 8.046054e-01 8.350124e-01 9.259038e-01 9.625175e-01 1.030856e+00 1.123146e+00 1.257425e+00 1.299612e+00 
117 1405 9.931249e-01 1.286665e+00 5.596556e-01 5.596556e-01 5.907564e-01 6.155277e-01 6.370669e-01 6.697649e-01 7.081063e-01 7.310567e-01 7.998368e-01 8.307254e-01 9.267254e-01 9.622688e-01 1.030801e+00 1.145087e+00 1.258940e+00 1.286665e+00 
118 1417 9.499312e-01 1.280041e+00 5.573881e-01 5.573881e-01 5.867837e-01 6.136213e-01 6.322923e-01 6.657986e-01 7.079312e-01 7.304343e-01 7.938052e-01 8.258112e-01 9.203597e-01 9.602127e-01 1.028680e+00 1.145879e+00 1.256588e+00 1.280041e+00 
119 1429 9.446339e-01 1.271290e+00 5.539653e-01 5.539653e-01 5.835929e-01 6.161708e-01 6.278859e-01 6.632306e-01 7.023381e-01 7.277949e-01 7.903175e-01 8.226656e-01 9.202566e-01 9.604579e-01 1.036150e+00 1.143054e+00 1.263202e+00 1.271290e+00 
120 1441 9.569075e-01 1.266504e+00 5.588176e-01 5.588176e-01 5.846802e-01 6.185152e-01 6.285302e-01 6.597253e-01 7.032775e-01 7.276027e-01 7.958822e-01 8.187791e-01 9.201664e-01 9.606584e-01 1.034193e+00 1.138028e+00 1.255655e+00 1.266504e+00 
121 1453 9.860556e-01 1.276025e+00 5.603638e-01 5.603638e-01 5.835778e-01 6.168058e-01 6.279841e-01 6.586254e-01 7.009628e-01 7.455145e-01 7.927180e-01 8.208816e-01 9.147924e-01 9.614289e-01 1.034688e+00 1.131096e+00 1.251991e+00 1.276025e+00 
122 1465 1.037910e+00 1.286883e+00 5.578881e-01 5.578881e-01 5.803507e-01 6.147028e-01 6.260877e-01 6.554136e-01 6.968881e-01 7.593729e-01 7.966794e-01 8.287389e-01 9.097476e-01 9.632084e-01 1.030639e+00 1.121966e+00 1.248808e+00 1.286883e+00 
123 1477 1.072850e+00 1.296203e+00 5.529595e-01 5.529595e-01 5.776773e-01 6.116147e-01 6.236506e-01 6.666720e-01 7.028799e-01 7.579004e-01 7.908116e-01 8.432873e-01 9.119288e-01 9.589030e-01 1.035748e+00 1.137282e+00 1.246979e+00 1.296203e+00 
124 1489 1.058194e+00 1.294098e+00 5.550745e-01 5.550745e-01 5.735092e-01 6.112497e-01 6.279320e-01 6.633587e-01 6.993815e-01 7.562015e-01 7.858590e-01 8.473939e-01 9.108258e-01 9.565951e-01 1.035869e+00 1.128653e+00 1.246023e+00 1.294098e+00 
125 1501 1.025440e+00 1.296931e+00 5.515441e-01 5.515441e-01 5.693178e-01 6.084648e-01 6.241415e-01 6.625529e-01 6.973279e-01 7.694261e-01 7.812088e-01 8.513085e-01 9.110762e-01 9.551556e-01 1.032658e+00 1.124484e+00 1.245882e+00 1.296931e+00 
126 1513 9.631367e-01 1.306034e+00 5.479751e-01 5.479751e-01 5.662057e-01 6.056422e-01 6.186677e-01 6.613669e-01 6.937916e-01 7.654165e-01 7.830788e-01 8.566588e-01 9.064959e-01 9.464819e-01 1.025806e+00 1.125719e+00 1.240122e+00 1.306034e+00 
127 1525 9.144322e-01 1.300833e+00 5.478347e-01 5.478347e-01 5.617232e-01 6.033183e-01 6.161248e-01 6.612236e-01 6.890174e-01 7.719557e-01 7.788648e-01 8.537290e-01 9.021188e-01 9.491468e-01 1.016976e+00 1.124660e+00 1.233476e+00 1.300833e+00 
128 1537 8.266911e-01 1.290732e+00 5.429243e-01 5.429243e-01 5.576916e-01 6.033304e-01 6.113477e-01 6.596584e-01 6.828162e-01 7.677214e-01 7.806161e-01 8.540544e-01 8.956689e-01 9.428136e-01 1.011339e+00 1.114408e+00 1.225295e+00 1.290732e+00 
129 1549 7.660459e-01 1.280414e+00 5.377840e-01 5.377840e-01 5.551716e-01 5.988961e-01 6.142832e-01 6.554489e-01 6.834576e-01 7.631953e-01 7.800007e-01 8.482890e-01 9.040378e-01 9.379490e-01 1.012394e+00 1.107806e+00 1.225981e+00 1.280414e+00 
130 1561 7.023991e-01 1.270737e+00 5.361703e-01 5.361703e-01 5.518548e-01 5.930973e-01 6.111131e-01 6.558255e-01 6.869603e-01 7.616280e-01 7.775362e-01 8.501241e-01 8.993456e-01 9.343414e-01 1.008191e+00 1.099274e+00 1.229986e+00 1.270737e+00 
131 1573 6.755662e-01 1.262520e+00 5.323725e-01 5.323725e-01 5.535450e-01 5.910183e-01 6.103785e-01 6.624927e-01 6.872656e-01 7.550143e-01 7.745215e-01 8.443516e-01 8.969763e-01 9.264345e-01 1.001795e+00 1.096997e+00 1.220845e+00 1.262520e+00 
132 1585 6.452149e-01 1.250100e+00 5.291388e-01 5.291388e-01 5.528071e-01 5.864600e-01 6.086243e-01 6.576268e-01 6.894398e-01 7.575404e-01 7.732704e-01 8.455779e-01 8.910124e-01 9.214472e-01 9.979105e-01 1.108182e+00 1.216559e+00 1.250100e+00 
133 1597 6.392936e-01 1.245735e+00 5.294213e-01 5.294213e-01 5.492950e-01 5.841171e-01 6.061762e-01 6.614073e-01 6.984091e-01 7.556496e-01 7.735630e-01 8.437218e-01 8.854739e-01 9.143590e-01 9.939224e-01 1.107742e+00 1.216867e+00 1.245735e+00 
134 1609 6.162100e-01 1.249774e+00 5.245907e-01 5.245907e-01 5.469441e-01 5.827475e-01 6.015315e-01 6.579864e-01 6.992222e-01 7.509634e-01 7.702694e-01 8.367863e-01 8.815698e-01 9.136953e-01 9.862920e-01 1.110207e+00 1.216241e+00 1.249774e+00 
135 1621 6.001736e-01 1.260841e+00 5.202723e-01 5.202723e-01 5.470422e-01 5.780382e-01 5.978222e-01 6.585635e-01 7.032329e-01 7.470449e-01 7.656794e-01 8.313619e-01 8.812276e-01 9.066719e-01 9.828123e-01 1.110557e+00 1.207548e+00 1.260841e+00 
136 1633 5.838942e-01 1.286508e+00 5.176489e-01 5.176489e-01 5.420908e-01 5.855703e-01 5.932927e-01 6.535261e-01 7.036042e-01 7.411513e-01 7.602257e-01 8.235786e-01 8.915149e-01 9.004408e-01 9.800381e-01 1.108706e+00 1.200441e+00 1.286508e+00 
137 1645 6.142507e-01 1.347875e+00 5.154530e-01 5.154530e-01 5.442739e-01 5.876073e-01 5.899660e-01 6.497409e-01 7.153430e-01 7.351754e-01 7.628244e-01 8.348784e-01 8.870440e-01 8.973058e-01 9.802567e-01 1.105959e+00 1.197480e+00 1.347875e+00 
138 1657 6.462033e-01 1.404421e+00 5.126562e-01 5.126562e-01 5.436052e-01 5.835823e-01 5.999410e-01 6.461012e-01 7.091157e-01 7.335352e-01 7.603082e-01 8.303814e-01 8.786380e-01 8.910495e-01 9.784115e-01 1.104419e+00 1.187980e+00 1.404421e+00 
139 1669 6.334596e-01 1.426006e+00 5.084168e-01 5.084168e-01 5.429448e-01 5.786074e-01 5.988274e-01 6.413802e-01 7.030680e-01 7.318692e-01 7.608109e-01 8.326931e-01 8.798913e-01 8.923873e-01 9.729631e-01 1.095740e+00 1.186393e+00 1.426006e+00 
140 1681 6.244364e-01 1.456088e+00 5.164560e-01 5.164560e-01 5.389388e-01 5.788576e-01 5.966252e-01 6.368106e-01 6.964980e-01 7.247755e-01 7.562688e-01 8.272453e-01 8.803949e-01 8.895657e-01 9.642428e-01 1.092480e+00 1.184921e+00 1.456088e+00 
141 1693 6.474219e-01 1.470597e+00 5.240047e-01 5.240047e-01 5.342582e-01 5.755608e-01 5.982063e-01 6.335119e-01 6.910567e-01 7.247538e-01 7.519468e-01 8.282987e-01 8.727008e-01 8.838594e-01 9.632872e-01 1.089861e+00 1.192533e+00 1.470597e+00 
142 1705 6.682841e-01 1.475400e+00 5.278808e-01 5.278808e-01 5.367610e-01 5.748312e-01 6.014125e-01 6.319250e-01 6.865829e-01 7.229673e-01 7.469028e-01 8.381991e-01 8.669120e-01 8.884839e-01 9.597569e-01 1.083805e+00 1.188199e+00 1.475400e+00 
143 1717 6.464889e-01 1.484156e+00 5.242992e-01 5.242992e-01 5.359002e-01 5.762718e-01 5.990179e-01 6.286692e-01 6.837104e-01 7.183228e-01 7.428911e-01 8.354061e-01 8.659129e-01 8.833494e-01 9.603643e-01 1.079576e+00 1.181055e+00 1.484156e+00 
144 1729 6.112811e-01 1.478583e+00 5.206259e-01 5.206259e-01 5.347075e-01 5.748316e-01 5.943885e-01 6.254910e-01 6.801119e-01 7.154852e-01 7.357718e-01 8.309292e-01 8.594124e-01 8.859702e-01 9.507265e-01 1.070306e+00 1.170327e+00 1.478583e+00 
145 1741 6.079227e-01 1.483574e+00 5.163132e-01 5.163132e-01 5.361966e-01 5.694414e-01 5.921991e-01 6.339073e-01 6.763360e-01 7.194953e-01 7.312607e-01 8.329620e-01 8.603407e-01 8.793435e-01 9.569229e-01 1.068609e+00 1.166959e+00 1.483574e+00 
146 1753 6.001868e-01 1.492421e+00 5.202962e-01 5.202962e-01 5.336296e-01 5.654089e-01 5.881591e-01 6.362063e-01 6.783273e-01 7.144714e-01 7.271784e-01 8.390175e-01 8.550531e-01 8.790248e-01 9.537681e-01 1.063483e+00 1.159239e+00 1.492421e+00 
147 1765 6.092929e-01 1.491141e+00 5.208320e-01 5.208320e-01 5.311096e-01 5.599651e-01 5.863982e-01 6.359386e-01 6.801986e-01 7.112812e-01 7.215518e-01 8.507163e-01 8.609226e-01 8.773298e-01 9.605024e-01 1.059765e+00 1.151166e+00 1.491141e+00 
148 1777 6.405505e-01 1.525783e+00 5.227283e-01 5.227283e-01 5.310280e-01 5.561575e-01 5.834522e-01 6.308892e-01 6.920605e-01 7.138079e-01 7.179616e-01 8.457423e-01 8.679982e-01 8.755364e-01 9.619131e-01 1.065360e+00 1.152472e+00 1.525783e+00 
149 1789 6.716037e-01 1.535248e+00 5.199759e-01 5.199759e-01 5.355934e-01 5.569506e-01 5.834980e-01 6.315858e-01 6.900525e-01 7.105712e-01 7.149881e-01 8.410077e-01 8.657190e-01 8.829839e-01 9.656553e-01 1.071549e+00 1.150379e+00 1.535248e+00 
150 1801 6.989428e-01 1.542705e+00 5.184427e-01 5.184427e-01 5.320589e-01 5.557222e-01 5.827277e-01 6.297233e-01 6.867474e-01 7.103090e-01 7.190489e-01 8.440827e-01 8.756992e-01 8.857527e-01 9.669818e-01 1.070894e+00 1.150646e+00 1.542705e+00 
151 1813 7.180825e-01 1.537173e+00 5.157840e-01 5.157840e-01 5.305190e-01 5.512623e-01 5.787513e-01 6.254949e-01 6.814983e-01 7.039501e-01 7.161526e-01 8.440578e-01 8.690745e-01 8.971891e-01 9.834701e-01 1.084984e+00 1.140412e+00 1.537173e+00 
152 1825 7.272818e-01 1.547481e+00 5.117862e-01 5.117862e-01 5.305920e-01 5.492221e-01 5.794051e-01 6.203924e-01 6.767873e-01 7.004551e-01 7.103170e-01 8.405431e-01 8.813945e-01 8.988934e-01 9.897637e-01 1.084626e+00 1.133334e+00 1.547481e+00 
153 1837 7.220714e-01 1.582537e+00 5.081081e-01 5.081081e-01 5.294813e-01 5.456485e-01 5.795511e-01 6.150254e-01 6.823855e-01 6.966125e-01 7.101687e-01 8.332097e-01 8.764655e-01 8.969219e-01 9.904124e-01 1.082770e+00 1.136087e+00 1.582537e+00 
154 1849 7.442400e-01 1.595725e+00 5.031572e-01 5.031572e-01 5.282662e-01 5.400447e-01 5.821814e-01 6.190502e-01 6.811640e-01 6.996851e-01 7.065433e-01 8.254993e-01 8.793454e-01 9.090162e-01 9.953625e-01 1.077869e+00 1.139534e+00 1.595725e+00 
155 1861 7.465075e-01 1.604365e+00 4.981261e-01 4.981261e-01 5.260824e-01 5.380721e-01 5.867452e-01 6.155508e-01 6.751477e-01 6.976470e-01 7.041148e-01 8.177894e-01 8.737255e-01 9.071284e-01 9.918078e-01 1.073784e+00 1.159505e+00 1.604365e+00 
156 1873 7.489932e-01 1.608110e+00 4.960173e-01 4.960173e-01 5.224021e-01 5.341845e-01 5.909605e-01 6.198665e-01 6.860180e-01 6.974433e-01 7.061958e-01 8.180683e-01 8.728927e-01 8.994513e-01 9.861491e-01 1.066797e+00 1.166590e+00 1.608110e+00 
157 1885 7.368861e-01 1.618156e+00 4.943859e-01 4.943859e-01 5.193844e-01 5.305869e-01 5.896416e-01 6.228616e-01 6.816505e-01 6.941438e-01 7.035709e-01 8.195795e-01 8.708320e-01 8.964699e-01 9.818421e-01 1.059903e+00 1.167653e+00 1.618156e+00 
158 1897 7.255004e-01 1.609704e+00 4.909260e-01 4.909260e-01 5.170684e-01 5.260310e-01 5.851631e-01 6.321960e-01 6.766506e-01 6.909425e-01 7.051096e-01 8.150648e-01 8.673324e-01 8.918892e-01 9.752191e-01 1.049955e+00 1.175544e+00 1.609704e+00 
159 1909 6.985240e-01 1.601017e+00 4.861968e-01 4.861968e-01 5.141239e-01 5.232957e-01 5.837737e-01 6.304310e-01 6.732437e-01 6.863432e-01 7.068403e-01 8.175026e-01 8.641725e-01 8.883829e-01 9.734371e-01 1.044141e+00 1.176568e+00 1.601017e+00 
160 1921 6.952011e-01 1.606817e+00 4.832953e-01 4.832953e-01 5.109515e-01 5.270252e-01 5.844547e-01 6.396501e-01 6.696088e-01 6.846338e-01 7.028600e-01 8.210398e-01 8.627597e-01 8.906192e-01 9.684617e-01 1.038813e+00 1.165687e+00 1.606817e+00 
161 1933 6.915579e-01 1.597466e+00 4.799196e-01 4.799196e-01 5.087395e-01 5.254776e-01 5.867754e-01 6.377265e-01 6.672964e-01 6.807614e-01 7.119659e-01 8.151282e-01 8.590296e-01 8.880922e-01 9.622120e-01 1.029921e+00 1.166335e+00 1.597466e+00 
162 1945 6.788301e-01 1.594746e+00 4.766698e-01 4.766698e-01 5.052644e-01 5.225359e-01 5.891683e-01 6.402470e-01 6.654423e-01 6.778317e-01 7.177599e-01 8.154895e-01 8.546842e-01 8.908928e-01 9.564824e-01 1.020655e+00 1.158903e+00 1.594746e+00 
163 1957 6.616537e-01 1.581616e+00 4.794399e-01 4.794399e-01 5.016534e-01 5.221872e-01 5.872296e-01 6.403449e-01 6.656731e-01 6.763739e-01 7.167537e-01 8.218405e-01 8.480045e-01 8.857795e-01 9.478830e-01 1.011096e+00 1.152497e+00 1.581616e+00 
164 1969 6.756574e-01 1.580152e+00 4.757415e-01 4.757415e-01 4.997298e-01 5.312567e-01 5.825074e-01 6.363323e-01 6.632414e-01 6.734170e-01 7.155794e-01 8.347942e-01 8.547349e-01 8.829832e-01 9.398312e-01 1.005834e+00 1.157457e+00 1.580152e+00 
165 1981 7.052481e-01 1.572701e+00 4.821380e-01 4.821380e-01 4.977472e-01 5.350845e-01 5.880821e-01 6.306272e-01 6.591704e-01 6.734592e-01 7.107057e-01 8.287903e-01 8.637325e-01 8.847465e-01 9.507849e-01 9.978472e-01 1.147580e+00 1.572701e+00 
166 1993 6.722449e-01 1.560893e+00 4.794731e-01 4.794731e-01 4.938446e-01 5.360698e-01 5.862743e-01 6.274952e-01 6.633367e-01 6.743906e-01 7.088279e-01 8.283963e-01 8.581073e-01 8.874037e-01 9.479279e-01 9.892690e-01 1.139467e+00 1.560893e+00 
167 2005 6.549670e-01 1.546893e+00 4.774461e-01 4.774461e-01 5.016022e-01 5.351891e-01 5.842125e-01 6.226758e-01 6.685055e-01 6.746405e-01 7.050513e-01 8.237561e-01 8.612095e-01 9.049126e-01 9.402476e-01 9.831917e-01 1.164102e+00 1.546893e+00 
168 2017 6.328265e-01 1.537364e+00 4.808626e-01 4.808626e-01 4.992250e-01 5.321175e-01 5.831461e-01 6.186013e-01 6.673628e-01 6.717880e-01 7.061090e-01 8.181572e-01 8.640224e-01 9.065133e-01 9.403664e-01 9.831711e-01 1.155244e+00 1.537364e+00 
169 2029 6.480567e-01 1.531118e+00 4.805625e-01 4.805625e-01 4.955695e-01 5.354630e-01 5.797382e-01 6.208839e-01 6.654517e-01 6.851491e-01 7.008649e-01 8.171600e-01 8.635619e-01 9.148739e-01 9.379110e-01 9.827059e-01 1.166722e+00 1.531118e+00 
170 2041 6.953524e-01 1.536022e+00 4.781327e-01 4.781327e-01 5.011341e-01 5.367080e-01 5.769524e-01 6.175071e-01 6.609075e-01 6.983123e-01 7.027543e-01 8.175452e-01 8.815347e-01 9.075419e-01 9.669825e-01 9.743408e-01 1.165239e+00 1.536022e+00 
171 2053 7.260958e-01 1.539724e+00 4.761167e-01 4.761167e-01 4.966988e-01 5.363592e-01 5.716219e-01 6.166781e-01 6.777204e-01 6.965818e-01 7.070300e-01 8.128981e-01 8.811750e-01 9.192846e-01 9.678188e-01 9.767642e-01 1.165737e+00 1.539724e+00 
172 2065 7.381257e-01 1.537110e+00 4.731787e-01 4.731787e-01 4.984040e-01 5.349145e-01 5.692545e-01 6.174673e-01 6.748544e-01 6.992591e-01 7.076605e-01 8.068669e-01 8.883224e-01 9.250176e-01 9.622877e-01 9.829149e-01 1.163051e+00 1.537110e+00 
173 2077 7.509910e-01 1.526810e+00 4.690790e-01 4.690790e-01 4.946035e-01 5.327417e-01 5.712569e-01 6.142043e-01 6.704742e-01 7.006527e-01 7.100987e-01 8.112772e-01 9.061238e-01 9.338633e-01 9.634286e-01 9.841974e-01 1.164606e+00 1.526810e+00 
174 2089 7.870900e-01 1.538343e+00 4.737243e-01 4.737243e-01 4.931274e-01 5.322865e-01 5.762070e-01 6.117860e-01 6.713424e-01 6.954859e-01 7.130707e-01 8.115773e-01 9.202825e-01 9.279556e-01 9.624507e-01 9.938430e-01 1.158519e+00 1.538343e+00 
175 2101 8.048689e-01 1.528778e+00 4.728986e-01 4.728986e-01 5.028256e-01 5.341945e-01 5.770002e-01 6.146735e-01 6.681130e-01 6.905528e-01 7.074523e-01 8.049722e-01 9.205198e-01 9.410550e-01 9.543951e-01 1.001966e+00 1.153851e+00 1.528778e+00 
176 2113 8.160684e-01 1.517313e+00 4.732180e-01 4.732180e-01 4.996318e-01 5.304188e-01 5.804436e-01 6.121959e-01 6.634054e-01 6.936219e-01 7.081951e-01 8.088244e-01 9.161585e-01 9.375920e-01 9.860877e-01 1.007028e+00 1.144531e+00 1.517313e+00 
177 2125 8.012089e-01 1.519723e+00 4.788801e-01 4.788801e-01 4.951761e-01 5.254967e-01 5.787517e-01 6.081745e-01 6.628696e-01 6.900337e-01 7.086501e-01 8.074200e-01 9.130703e-01 9.330729e-01 9.783070e-01 1.012491e+00 1.135915e+00 1.519723e+00 
178 2137 7.868221e-01 1.510232e+00 4.766101e-01 4.766101e-01 4.943239e-01 5.268226e-01 5.744321e-01 6.117547e-01 6.663917e-01 6.897391e-01 7.068649e-01 8.073811e-01 9.056984e-01 9.265308e-01 9.777444e-01 1.014738e+00 1.127021e+00 1.510232e+00 
179 2149 7.831115e-01 1.500537e+00 4.747949e-01 4.747949e-01 4.949774e-01 5.250675e-01 5.740442e-01 6.183163e-01 6.683348e-01 6.932970e-01 7.164652e-01 8.036256e-01 9.085108e-01 9.219574e-01 9.722642e-01 1.010197e+00 1.127822e+00 1.500537e+00 
180 2161 7.448355e-01 1.504187e+00 4.718837e-01 4.718837e-01 4.924205e-01 5.227125e-01 5.687295e-01 6.179904e-01 6.693437e-01 6.926835e-01 7.192166e-01 7.968231e-01 9.026895e-01 9.194187e-01 9.766078e-01 1.004822e+00 1.125588e+00 1.504187e+00 
181 2173 7.243912e-01 1.490951e+00 4.771627e-01 4.771627e-01 4.911528e-01 5.199302e-01 5.681347e-01 6.142448e-01 6.672889e-01 6.926228e-01 7.243523e-01 7.924959e-01 8.953179e-01 9.138898e-01 9.811820e-01 9.975062e-01 1.117062e+00 1.490951e+00 
182 2185 6.798110e-01 1.481430e+00 4.748670e-01 4.748670e-01 4.871956e-01 5.256812e-01 5.635376e-01 6.153527e-01 6.648756e-01 6.878038e-01 7.205391e-01 7.868897e-01 8.897202e-01 9.181552e-01 9.796312e-01 9.927221e-01 1.106932e+00 1.481430e+00 
183 2197 6.628474e-01 1.492210e+00 4.714192e-01 4.714192e-01 4.861701e-01 5.239992e-01 5.676622e-01 6.132238e-01 6.631485e-01 6.836199e-01 7.151990e-01 7.878939e-01 8.864986e-01 9.220526e-01 9.741312e-01 1.002047e+00 1.104844e+00 1.492210e+00 
184 2209 6.306874e-01 1.486334e+00 4.705861e-01 4.705861e-01 4.836548e-01 5.198531e-01 5.769774e-01 6.085629e-01 6.593525e-01 6.799699e-01 7.144747e-01 7.860821e-01 8.861840e-01 9.195657e-01 9.733331e-01 1.000309e+00 1.107045e+00 1.486334e+00 
185 2221 5.836366e-01 1.474209e+00 4.720283e-01 4.720283e-01 4.790578e-01 5.186497e-01 5.751566e-01 6.042975e-01 6.598371e-01 6.773807e-01 7.113351e-01 7.895250e-01 8.806194e-01 9.135003e-01 9.682885e-01 9.941089e-01 1.102055e+00 1.474209e+00 
186 2233 5.777563e-01 1.496689e+00 4.681501e-01 4.681501e-01 4.817998e-01 5.174888e-01 5.732118e-01 6.057271e-01 6.565965e-01 6.767272e-01 7.096979e-01 7.901324e-01 8.813425e-01 9.071492e-01 9.718205e-01 9.941926e-01 1.100463e+00 1.496689e+00 
187 2245 5.379238e-01 1.519755e+00 4.644382e-01 4.644382e-01 4.785610e-01 5.157235e-01 5.711044e-01 6.026223e-01 6.547414e-01 6.768005e-01 7.124249e-01 7.847770e-01 8.790952e-01 9.087472e-01 9.790310e-01 9.932254e-01 1.100498e+00 1.519755e+00 
188 2257 5.241190e-01 1.510999e+00 4.637884e-01 4.637884e-01 4.747005e-01 5.131762e-01 5.681810e-01 6.020135e-01 6.497328e-01 6.821171e-01 7.061106e-01 7.901307e-01 8.800511e-01 9.124230e-01 9.872311e-01 9.961701e-01 1.101425e+00 1.510999e+00 
189 2269 4.854224e-01 1.509418e+00 4.613522e-01 4.613522e-01 4.747222e-01 5.099729e-01 5.663672e-01 6.048792e-01 6.447857e-01 6.808372e-01 7.026757e-01 7.896738e-01 8.767772e-01 9.083561e-01 9.853792e-01 1.000117e+00 1.095197e+00 1.509418e+00 
190 2281 4.406924e-01 1.497554e+00 4.603733e-01 4.603733e-01 4.758354e-01 5.123315e-01 5.623371e-01 6.001928e-01 6.402236e-01 6.793275e-01 6.965227e-01 7.879207e-01 8.709806e-01 8.994807e-01 9.772695e-01 9.958802e-01 1.095458e+00 1.497554e+00 
191 2293 4.107177e-01 1.492052e+00 4.565251e-01 4.565251e-01 4.739824e-01 5.164506e-01 5.607323e-01 5.955426e-01 6.370959e-01 6.780408e-01 6.955667e-01 7.850208e-01 8.732466e-01 8.928663e-01 9.723375e-01 1.000060e+00 1.092718e+00 1.492052e+00 
192 2305 3.955533e-01 1.493364e+00 4.530623e-01 4.530623e-01 4.775689e-01 5.153676e-01 5.608844e-01 6.030872e-01 6.318639e-01 6.734922e-01 6.894205e-01 7.835715e-01 8.664653e-01 8.961971e-01 9.654760e-01 1.001206e+00 1.083199e+00 1.493364e+00 
193 2317 3.868485e-01 1.487106e+00 4.521507e-01 4.521507e-01 4.769786e-01 5.122701e-01 5.596981e-01 6.019626e-01 6.286911e-01 6.792740e-01 6.871089e-01 7.926200e-01 8.595145e-01 8.944553e-01 9.623756e-01 9.947189e-01 1.090228e+00 1.487106e+00 
194 2329 3.539012e-01 1.482587e+00 4.490965e-01 4.490965e-01 4.726613e-01 5.086159e-01 5.554129e-01 5.983028e-01 6.292960e-01 6.760261e-01 6.833824e-01 7.890570e-01 8.550496e-01 8.913514e-01 9.563783e-01 9.938200e-01 1.085632e+00 1.482587e+00 
195 2341 3.429261e-01 1.487810e+00 4.462267e-01 4.462267e-01 4.721773e-01 5.086845e-01 5.516850e-01 5.995641e-01 6.240291e-01 6.752315e-01 6.803819e-01 7.887732e-01 8.628607e-01 8.857189e-01 9.525571e-01 9.944175e-01 1.087098e+00 1.487810e+00 
196 2353 3.390580e-01 1.475823e+00 4.428958e-01 4.428958e-01 4.729273e-01 5.049956e-01 5.517176e-01 6.019943e-01 6.208554e-01 6.725490e-01 6.819616e-01 7.935511e-01 8.572102e-01 8.841043e-01 9.477562e-01 1.006710e+00 1.088809e+00 1.475823e+00 
197 2365 3.216442e-01 1.464517e+00 4.438885e-01 4.438885e-01 4.705671e-01 5.030641e-01 5.525521e-01 5.965885e-01 6.170488e-01 6.702146e-01 6.782426e-01 7.945566e-01 8.525547e-01 8.769945e-01 9.412505e-01 1.021245e+00 1.096715e+00 1.464517e+00 
198 2377 3.057988e-01 1.453650e+00 4.412123e-01 4.412123e-01 4.722357e-01 5.018079e-01 5.493105e-01 5.983155e-01 6.153844e-01 6.652722e-01 6.756910e-01 7.904949e-01 8.480536e-01 8.730890e-01 9.377414e-01 1.024403e+00 1.088153e+00 1.453650e+00 
199 2389 2.873173e-01 1.445278e+00 4.376718e-01 4.376718e-01 4.693057e-01 4.991118e-01 5.529882e-01 5.961407e-01 6.157320e-01 6.600805e-01 6.828690e-01 7.874757e-01 8.483126e-01 8.728176e-01 9.310188e-01 1.024710e+00 1.079656e+00 1.445278e+00 
200 2401 2.820710e-01 1.440923e+00 4.354763e-01 4.354763e-01 4.663948e-01 4.944000e-01 5.582906e-01 5.937228e-01 6.127358e-01 6.597916e-01 6.907963e-01 7.925682e-01 8.442709e-01 8.773816e-01 9.324347e-01 1.022699e+00 1.074336e+00 1.440923e+00 
201 2413 2.784705e-01 1.445150e+00 4.327678e-01 4.327678e-01 4.677784e-01 4.914402e-01 5.566440e-01 5.897669e-01 6.138240e-01 6.610080e-01 6.953803e-01 7.874053e-01 8.431026e-01 8.850944e-01 9.440305e-01 1.017526e+00 1.094670e+00 1.445150e+00 
202 2425 2.694694e-01 1.458533e+00 4.289710e-01 4.289710e-01 4.637170e-01 4.897068e-01 5.539382e-01 5.843737e-01 6.084615e-01 6.636809e-01 7.007398e-01 7.838951e-01 8.471114e-01 8.871912e-01 9.443604e-01 1.021973e+00 1.093733e+00 1.458533e+00 
203 2437 2.562492e-01 1.451214e+00 4.277634e-01 4.277634e-01 4.606441e-01 4.932588e-01 5.531856e-01 5.794817e-01 6.096722e-01 6.627548e-01 6.962123e-01 7.854270e-01 8.447949e-01 8.822142e-01 9.369324e-01 1.016508e+00 1.085965e+00 1.451214e+00 
204 2449 2.428435e-01 1.438780e+00 4.265877e-01 4.265877e-01 4.579695e-01 4.963482e-01 5.545357e-01 5.768009e-01 6.090393e-01 6.588913e-01 6.931523e-01 7.788382e-01 8.445574e-01 8.845360e-01 9.316207e-01 1.010976e+00 1.079758e+00 1.438780e+00 
205 2461 2.351516e-01 1.426501e+00 4.229802e-01 4.229802e-01 4.547772e-01 4.997686e-01 5.600628e-01 5.733924e-01 6.037918e-01 6.595123e-01 6.909586e-01 7.759793e-01 8.397660e-01 8.812234e-01 9.254532e-01 1.009219e+00 1.074138e+00 1.426501e+00 
206 2473 2.315850e-01 1.419483e+00 4.223315e-01 4.223315e-01 4.509551e-01 5.039221e-01 5.615981e-01 5.746711e-01 5.991801e-01 6.556154e-01 6.986264e-01 7.743065e-01 8.364597e-01 8.812468e-01 9.172324e-01 1.003205e+00 1.072047e+00 1.419483e+00 
207 2485 2.342663e-01 1.416377e+00 4.236830e-01 4.236830e-01 4.500562e-01 5.058559e-01 5.603130e-01 5.755157e-01 5.944284e-01 6.516628e-01 7.030511e-01 7.698112e-01 8.373901e-01 8.802675e-01 9.127560e-01 1.003053e+00 1.065399e+00 1.416377e+00 
208 2497 2.344309e-01 1.406932e+00 4.211734e-01 4.211734e-01 4.470799e-01 5.049243e-01 5.665471e-01 5.727285e-01 5.965886e-01 6.493379e-01 7.087243e-01 7.635009e-01 8.341112e-01 8.763381e-01 9.085833e-01 1.000490e+00 1.058021e+00 1.406932e+00 
209 2509 2.380239e-01 1.395102e+00 4.211088e-01 4.211088e-01 4.435580e-01 5.044720e-01 5.681386e-01 5.693624e-01 5.931034e-01 6.558456e-01 7.202811e-01 7.642131e-01 8.297620e-01 8.713726e-01 9.250407e-01 9.937347e-01 1.047364e+00 1.395102e+00 
210 2521 2.444839e-01 1.383222e+00 4.186528e-01 4.186528e-01 4.419921e-01 5.036766e-01 5.643496e-01 5.666840e-01 5.999041e-01 6.527357e-01 7.251317e-01 7.605416e-01 8.272628e-01 8.653923e-01 9.268150e-01 1.002858e+00 1.041616e+00 1.383222e+00 
211 2533 2.503499e-01 1.372047e+00 4.167126e-01 4.167126e-01 4.483857e-01 5.047359e-01 5.594354e-01 5.608939e-01 5.967563e-01 6.524427e-01 7.293467e-01 7.540456e-01 8.255301e-01 8.662014e-01 9.341085e-01 1.005092e+00 1.036320e+00 1.372047e+00 
212 2545 2.528375e-01 1.361782e+00 4.130714e-01 4.130714e-01 4.447711e-01 5.029377e-01 5.552987e-01 5.580538e-01 5.972142e-01 6.520165e-01 7.395926e-01 7.573528e-01 8.221328e-01 8.670473e-01 9.334273e-01 1.009739e+00 1.030876e+00 1.361782e+00 
213 2557 2.676777e-01 1.355575e+00 4.102978e-01 4.102978e-01 4.409792e-01 5.037489e-01 5.522130e-01 5.530926e-01 5.928186e-01 6.527933e-01 7.400383e-01 7.663938e-01 8.384965e-01 8.835316e-01 9.274365e-01 1.011920e+00 1.022138e+00 1.355575e+00 
214 2569 3.074071e-01 1.355551e+00 4.116634e-01 4.116634e-01 4.403170e-01 5.024517e-01 5.488329e-01 5.513593e-01 5.909851e-01 6.484545e-01 7.466697e-01 7.637752e-01 8.399096e-01 8.926624e-01 9.314236e-01 1.015587e+00 1.045309e+00 1.355551e+00 
215 2581 3.174672e-01 1.349114e+00 4.090947e-01 4.090947e-01 4.374362e-01 5.004842e-01 5.433574e-01 5.496955e-01 5.927973e-01 6.473104e-01 7.454607e-01 7.604603e-01 8.383287e-01 8.975384e-01 9.250920e-01 1.007218e+00 1.045023e+00 1.349114e+00 
216 2593 3.235079e-01 1.340959e+00 4.058602e-01 4.058602e-01 4.442808e-01 4.982057e-01 5.448541e-01 5.528435e-01 5.968648e-01 6.549728e-01 7.437955e-01 7.567845e-01 8.320321e-01 9.001794e-01 9.252017e-01 1.007595e+00 1.040003e+00 1.340959e+00 
217 2605 3.395622e-01 1.333374e+00 4.060120e-01 4.060120e-01 4.415757e-01 4.963809e-01 5.409992e-01 5.547980e-01 5.994785e-01 6.520844e-01 7.435467e-01 7.518041e-01 8.251437e-01 9.024349e-01 9.373363e-01 1.003427e+00 1.044685e+00 1.333374e+00 
218 2617 3.436987e-01 1.323074e+00 4.026154e-01 4.026154e-01 4.428609e-01 4.942908e-01 5.375993e-01 5.534961e-01 5.996603e-01 6.498221e-01 7.432494e-01 7.615902e-01 8.195316e-01 8.983777e-01 9.404000e-01 9.970240e-01 1.041586e+00 1.323074e+00 
219 2629 3.270348e-01 1.318721e+00 4.000436e-01 4.000436e-01 4.413051e-01 4.894852e-01 5.375731e-01 5.500600e-01 5.964840e-01 6.483126e-01 7.379684e-01 7.566179e-01 8.155916e-01 8.939350e-01 9.474884e-01 1.001008e+00 1.037600e+00 1.318721e+00 
220 2641 3.240586e-01 1.310304e+00 3.977249e-01 3.977249e-01 4.407290e-01 4.874165e-01 5.353025e-01 5.454920e-01 5.933299e-01 6.491342e-01 7.417242e-01 7.497549e-01 8.098313e-01 8.864530e-01 9.453408e-01 9.975898e-01 1.067732e+00 1.310304e+00 
221 2653 3.161410e-01 1.312692e+00 3.954373e-01 3.954373e-01 4.383555e-01 4.859843e-01 5.366409e-01 5.410793e-01 5.879092e-01 6.443103e-01 7.364369e-01 7.463392e-01 8.113665e-01 8.815183e-01 9.394128e-01 9.909637e-01 1.066312e+00 1.312692e+00 
222 2665 3.035568e-01 1.310486e+00 3.930371e-01 3.930371e-01 4.356877e-01 4.819613e-01 5.334147e-01 5.391806e-01 5.834048e-01 6.389018e-01 7.315939e-01 7.426661e-01 8.084463e-01 8.749621e-01 9.318050e-01 9.896848e-01 1.082410e+00 1.310486e+00 
223 2677 2.978123e-01 1.308304e+00 3.930324e-01 3.930324e-01 4.411197e-01 4.821193e-01 5.310403e-01 5.353093e-01 5.834707e-01 6.351729e-01 7.284194e-01 7.416683e-01 8.017383e-01 8.703658e-01 9.246946e-01 9.910804e-01 1.102554e+00 1.308304e+00 
224 2689 2.847226e-01 1.312425e+00 3.907127e-01 3.907127e-01 4.388842e-01 4.808192e-01 5.270430e-01 5.390551e-01 5.802215e-01 6.324841e-01 7.224487e-01 7.362466e-01 7.962068e-01 8.642058e-01 9.306062e-01 9.853191e-01 1.106103e+00 1.312425e+00 
225 2701 2.612342e-01 1.300500e+00 3.877279e-01 3.877279e-01 4.389394e-01 4.775290e-01 5.228043e-01 5.361961e-01 5.748015e-01 6.269334e-01 7.188382e-01 7.348618e-01 7.934197e-01 8.558035e-01 9.347450e-01 9.771150e-01 1.101367e+00 1.300500e+00 
226 2713 2.566934e-01 1.288079e+00 3.897558e-01 3.897558e-01 4.390026e-01 4.756080e-01 5.204126e-01 5.314585e-01 5.752626e-01 6.359918e-01 7.134165e-01 7.304345e-01 7.910942e-01 8.520418e-01 9.293314e-01 9.833090e-01 1.091995e+00 1.288079e+00 
227 2725 2.426293e-01 1.278955e+00 3.876892e-01 3.876892e-01 4.377881e-01 4.764687e-01 5.161401e-01 5.285527e-01 5.720088e-01 6.349326e-01 7.100750e-01 7.270803e-01 7.896554e-01 8.479665e-01 9.343286e-01 9.819532e-01 1.082357e+00 1.278955e+00 
228 2737 2.438680e-01 1.268746e+00 3.847621e-01 3.847621e-01 4.366015e-01 4.795673e-01 5.121184e-01 5.334984e-01 5.678706e-01 6.295698e-01 7.104312e-01 7.303680e-01 7.881360e-01 8.510524e-01 9.348409e-01 9.923533e-01 1.071828e+00 1.268746e+00 
229 2749 2.417120e-01 1.275728e+00 3.821064e-01 3.821064e-01 4.350266e-01 4.773960e-01 5.076852e-01 5.337076e-01 5.662060e-01 6.244886e-01 7.063353e-01 7.276599e-01 7.827692e-01 8.592691e-01 9.323190e-01 9.879514e-01 1.066929e+00 1.275728e+00 
230 2761 2.498584e-01 1.269450e+00 3.787459e-01 3.787459e-01 4.328274e-01 4.729720e-01 5.095408e-01 5.400048e-01 5.636181e-01 6.202827e-01 7.087410e-01 7.360401e-01 7.787076e-01 8.723305e-01 9.278392e-01 9.818804e-01 1.058007e+00 1.269450e+00 
231 2773 2.542604e-01 1.263748e+00 3.760914e-01 3.760914e-01 4.294270e-01 4.710288e-01 5.080699e-01 5.450929e-01 5.620132e-01 6.180106e-01 7.082902e-01 7.467206e-01 7.728529e-01 8.712993e-01 9.278655e-01 9.767855e-01 1.051038e+00 1.263748e+00 
232 2785 2.475548e-01 1.255877e+00 3.738812e-01 3.738812e-01 4.305682e-01 4.712573e-01 5.051321e-01 5.444363e-01 5.595236e-01 6.145489e-01 7.056643e-01 7.482368e-01 7.662438e-01 8.708203e-01 9.303421e-01 9.741117e-01 1.041905e+00 1.255877e+00 
233 2797 2.417686e-01 1.262868e+00 3.761975e-01 3.761975e-01 4.282521e-01 4.694421e-01 5.021424e-01 5.391607e-01 5.603739e-01 6.098088e-01 7.079722e-01 7.459476e-01 7.639049e-01 8.680712e-01 9.323545e-01 9.678024e-01 1.035616e+00 1.262868e+00 
234 2809 2.272182e-01 1.256935e+00 3.739472e-01 3.739472e-01 4.269710e-01 4.670632e-01 5.014158e-01 5.336132e-01 5.569894e-01 6.054731e-01 7.062824e-01 7.421358e-01 7.575078e-01 8.680650e-01 9.266407e-01 9.603003e-01 1.032961e+00 1.256935e+00 
235 2821 2.187843e-01 1.257010e+00 3.734817e-01 3.734817e-01 4.267747e-01 4.674681e-01 5.001252e-01 5.332057e-01 5.548313e-01 6.032327e-01 7.099441e-01 7.459356e-01 7.536939e-01 8.615240e-01 9.215076e-01 9.616021e-01 1.027680e+00 1.257010e+00 
236 2833 2.022142e-01 1.254069e+00 3.704792e-01 3.704792e-01 4.237774e-01 4.632766e-01 5.006141e-01 5.355047e-01 5.600030e-01 5.980794e-01 7.088134e-01 7.455919e-01 7.528759e-01 8.551214e-01 9.150471e-01 9.648758e-01 1.022038e+00 1.254069e+00 
237 2845 1.894032e-01 1.249092e+00 3.719735e-01 3.719735e-01 4.227092e-01 4.610634e-01 4.974676e-01 5.317066e-01 5.583830e-01 5.921394e-01 7.095619e-01 7.407842e-01 7.463528e-01 8.599475e-01 9.108242e-01 9.597216e-01 1.020946e+00 1.249092e+00 
238 2857 1.774550e-01 1.243322e+00 3.704115e-01 3.704115e-01 4.205855e-01 4.571856e-01 5.054732e-01 5.276963e-01 5.544751e-01 5.892335e-01 7.046229e-01 7.349052e-01 7.427211e-01 8.657560e-01 9.029899e-01 9.560418e-01 1.013726e+00 1.243322e+00 
239 2869 1.707925e-01 1.236683e+00 3.698527e-01 3.698527e-01 4.239490e-01 4.606542e-01 5.069685e-01 5.245838e-01 5.545068e-01 5.862734e-01 7.043472e-01 7.305033e-01 7.421849e-01 8.641603e-01 8.967986e-01 9.612618e-01 1.004076e+00 1.236683e+00 
240 2881 1.785977e-01 1.243889e+00 3.678267e-01 3.678267e-01 4.232657e-01 4.677534e-01 5.081823e-01 5.203023e-01 5.569534e-01 5.852297e-01 7.106707e-01 7.324670e-01 7.405293e-01 8.666839e-01 8.948185e-01 9.622624e-01 9.981752e-01 1.243889e+00 
241 2893 1.774016e-01 1.238159e+00 3.641779e-01 3.641779e-01 4.209677e-01 4.666574e-01 5.080818e-01 5.179683e-01 5.537809e-01 5.814773e-01 7.058802e-01 7.286817e-01 7.438222e-01 8.755727e-01 8.886301e-01 9.560655e-01 9.898540e-01 1.238159e+00 
242 2905 1.742036e-01 1.227274e+00 3.613723e-01 3.613723e-01 4.232972e-01 4.645816e-01 5.049343e-01 5.193309e-01 5.502322e-01 5.854878e-01 7.022806e-01 7.229857e-01 7.408900e-01 8.749852e-01 8.824346e-01 9.521485e-01 9.867558e-01 1.227274e+00 
243 2917 1.738050e-01 1.218646e+00 3.589437e-01 3.589437e-01 4.220403e-01 4.604052e-01 5.005519e-01 5.167894e-01 5.476156e-01 6.151967e-01 6.981741e-01 7.181480e-01 7.365007e-01 8.720257e-01 8.761149e-01 9.488312e-01 9.859191e-01 1.218646e+00 
244 2929 1.713614e-01 1.212859e+00 3.572958e-01 3.572958e-01 4.192620e-01 4.608996e-01 4.965121e-01 5.134622e-01 5.452878e-01 6.206562e-01 6.958545e-01 7.121173e-01 7.310627e-01 8.642638e-01 8.721863e-01 9.484387e-01 9.991462e-01 1.212859e+00 
245 2941 1.699666e-01 1.209092e+00 3.538503e-01 3.538503e-01 4.166833e-01 4.589508e-01 4.980763e-01 5.202359e-01 5.421136e-01 6.244260e-01 6.952623e-01 7.066743e-01 7.282363e-01 8.574404e-01 8.663004e-01 9.469878e-01 9.948525e-01 1.209092e+00 
246 2953 1.612094e-01 1.202550e+00 3.532092e-01 3.532092e-01 4.141180e-01 4.557877e-01 4.952144e-01 5.190610e-01 5.377196e-01 6.218255e-01 6.967309e-01 7.041106e-01 7.222121e-01 8.510555e-01 8.698619e-01 9.521342e-01 9.872541e-01 1.202550e+00 
247 2965 1.499677e-01 1.193703e+00 3.520313e-01 3.520313e-01 4.132103e-01 4.529066e-01 4.928819e-01 5.177201e-01 5.358654e-01 6.195255e-01 6.930389e-01 7.049683e-01 7.170486e-01 8.451794e-01 8.682915e-01 9.439953e-01 9.884509e-01 1.193703e+00 
248 2977 1.440230e-01 1.186480e+00 3.575112e-01 3.575112e-01 4.147520e-01 4.498456e-01 4.898907e-01 5.153581e-01 5.342151e-01 6.148720e-01 6.873141e-01 6.986395e-01 7.118755e-01 8.384584e-01 8.649173e-01 9.394427e-01 9.952983e-01 1.186480e+00 
249 2989 1.505871e-01 1.182298e+00 3.583502e-01 3.583502e-01 4.145098e-01 4.456487e-01 4.919644e-01 5.127258e-01 5.428617e-01 6.212052e-01 6.813990e-01 6.949703e-01 7.147694e-01 8.331633e-01 8.637455e-01 9.325571e-01 1.005348e+00 1.182298e+00 
250 3001 1.534797e-01 1.178404e+00 3.604742e-01 3.604742e-01 4.119470e-01 4.427899e-01 4.878506e-01 5.094220e-01 5.434586e-01 6.250376e-01 6.781641e-01 6.921556e-01 7.111110e-01 8.294675e-01 8.571559e-01 9.255742e-01 1.004662e+00 1.178404e+00 
251 3013 1.505678e-01 1.178219e+00 3.596873e-01 3.596873e-01 4.081950e-01 4.409266e-01 4.855071e-01 5.055403e-01 5.422718e-01 6.216705e-01 6.737246e-01 6.893229e-01 7.101473e-01 8.248419e-01 8.519703e-01 9.273439e-01 1.018824e+00 1.178219e+00 
252 3025 1.449759e-01 1.169746e+00 3.580390e-01 3.580390e-01 4.047953e-01 4.373848e-01 4.814655e-01 5.021796e-01 5.429584e-01 6.171490e-01 6.698227e-01 6.874039e-01 7.079396e-01 8.233554e-01 8.517474e-01 9.204375e-01 1.020868e+00 1.169746e+00 
253 3037 1.352537e-01 1.165532e+00 3.618988e-01 3.618988e-01 4.015616e-01 4.402471e-01 4.783057e-01 4.978985e-01 5.442804e-01 6.166746e-01 6.637443e-01 6.842981e-01 7.083255e-01 8.161502e-01 8.452122e-01 9.141951e-01 1.018917e+00 1.165532e+00 
254 3049 1.248199e-01 1.164335e+00 3.589161e-01 3.589161e-01 4.005897e-01 4.415912e-01 4.752927e-01 4.954394e-01 5.475318e-01 6.134867e-01 6.603249e-01 6.811498e-01 7.035973e-01 8.100386e-01 8.459880e-01 9.080838e-01 1.019496e+00 1.164335e+00 
255 3061 1.225736e-01 1.154001e+00 3.609911e-01 3.609911e-01 4.044543e-01 4.384180e-01 4.718572e-01 4.918774e-01 5.427663e-01 6.104468e-01 6.605905e-01 6.762211e-01 6.996909e-01 8.047162e-01 8.527793e-01 9.038479e-01 1.020942e+00 1.154001e+00 
256 3073 1.208204e-01 1.146765e+00 3.599260e-01 3.599260e-01 4.041448e-01 4.360074e-01 4.723159e-01 4.916476e-01 5.420512e-01 6.076139e-01 6.646524e-01 6.761186e-01 6.991955e-01 8.003280e-01 8.555407e-01 9.055986e-01 1.022475e+00 1.146765e+00 
257 3085 1.248420e-01 1.149671e+00 3.597369e-01 3.597369e-01 4.028056e-01 4.376972e-01 4.845921e-01 4.931222e-01 5.389437e-01 6.083551e-01 6.633593e-01 6.864280e-01 7.023480e-01 7.961303e-01 8.639655e-01 9.010539e-01 1.018038e+00 1.149671e+00 
258 3097 1.231855e-01 1.141827e+00 3.562217e-01 3.562217e-01 4.023826e-01 4.355714e-01 4.830562e-01 4.964710e-01 5.369601e-01 6.055807e-01 6.594805e-01 6.828686e-01 7.026356e-01 7.924111e-01 8.597663e-01 8.949579e-01 1.011743e+00 1.141827e+00 
259 3109 1.209589e-01 1.139605e+00 3.567550e-01 3.567550e-01 4.023110e-01 4.331241e-01 4.799273e-01 4.967068e-01 5.331425e-01 6.006858e-01 6.546671e-01 6.928500e-01 7.007253e-01 7.952423e-01 8.519561e-01 8.961962e-01 1.012593e+00 1.139605e+00 
260 3121 1.190615e-01 1.131531e+00 3.551388e-01 3.551388e-01 4.033666e-01 4.320475e-01 4.768571e-01 4.971996e-01 5.300829e-01 5.983820e-01 6.529954e-01 6.874362e-01 7.025672e-01 7.981382e-01 8.562624e-01 8.994780e-01 1.007991e+00 1.131531e+00 
261 3133 1.235180e-01 1.164725e+00 3.535854e-01 3.535854e-01 4.011162e-01 4.302761e-01 4.760920e-01 4.973560e-01 5.274234e-01 5.952496e-01 6.517745e-01 6.891004e-01 7.038899e-01 7.988720e-01 8.508104e-01 9.013300e-01 1.024881e+00 1.164725e+00 
262 3145 1.261779e-01 1.173493e+00 3.538015e-01 3.538015e-01 3.985208e-01 4.287461e-01 4.763755e-01 4.933058e-01 5.326004e-01 5.979855e-01 6.475139e-01 6.919074e-01 7.045432e-01 7.969449e-01 8.509902e-01 9.074069e-01 1.021949e+00 1.173493e+00 
263 3157 1.173738e-01 1.203647e+00 3.529356e-01 3.529356e-01 3.961945e-01 4.265816e-01 4.767386e-01 4.897132e-01 5.299241e-01 5.987672e-01 6.439880e-01 6.870277e-01 7.090187e-01 7.903351e-01 8.451997e-01 9.052191e-01 1.018642e+00 1.203647e+00 
264 3169 1.118689e-01 1.200276e+00 3.502294e-01 3.502294e-01 3.947664e-01 4.251319e-01 4.751434e-01 4.880392e-01 5.266919e-01 5.938576e-01 6.430299e-01 6.859920e-01 7.090751e-01 7.852337e-01 8.448951e-01 9.083424e-01 1.021123e+00 1.200276e+00 
265 3181 1.048285e-01 1.199408e+00 3.469414e-01 3.469414e-01 3.918948e-01 4.240172e-01 4.728673e-01 4.898545e-01 5.240092e-01 5.894827e-01 6.404728e-01 6.879439e-01 7.041272e-01 7.808366e-01 8.390372e-01 9.097241e-01 1.013059e+00 1.199408e+00 
266 3193 1.018422e-01 1.195880e+00 3.453927e-01 3.453927e-01 3.906258e-01 4.230165e-01 4.722666e-01 4.922332e-01 5.199872e-01 5.860317e-01 6.386401e-01 6.825138e-01 7.051401e-01 7.806090e-01 8.335474e-01 9.048149e-01 1.007391e+00 1.195880e+00 
267 3205 1.004681e-01 1.191786e+00 3.479614e-01 3.479614e-01 3.883086e-01 4.219322e-01 4.699376e-01 4.932278e-01 5.173548e-01 5.836123e-01 6.381384e-01 6.897330e-01 7.050593e-01 7.808695e-01 8.261494e-01 8.992679e-01 9.995929e-01 1.191786e+00 
268 3217 9.203846e-02 1.198948e+00 3.459026e-01 3.459026e-01 3.885190e-01 4.216121e-01 4.656817e-01 4.908483e-01 5.146548e-01 5.842577e-01 6.359611e-01 6.839233e-01 7.010182e-01 7.770968e-01 8.235340e-01 8.918849e-01 9.936903e-01 1.198948e+00 
269 3229 8.654605e-02 1.188300e+00 3.466072e-01 3.466072e-01 3.878970e-01 4.246104e-01 4.620775e-01 4.908288e-01 5.111288e-01 5.812487e-01 6.315948e-01 6.812577e-01 6.980138e-01 7.703291e-01 8.176691e-01 8.840969e-01 9.904198e-01 1.188300e+00 
270 3241 8.581961e-02 1.176597e+00 3.451621e-01 3.451621e-01 3.851793e-01 4.346092e-01 4.603226e-01 4.885712e-01 5.102196e-01 5.794693e-01 6.277141e-01 6.758079e-01 6.951469e-01 7.682936e-01 8.164843e-01 8.844159e-01 1.006723e+00 1.176597e+00 
271 3253 8.135271e-02 1.166697e+00 3.433712e-01 3.433712e-01 3.846403e-01 4.339506e-01 4.566816e-01 4.853156e-01 5.064696e-01 5.753838e-01 6.315802e-01 6.723916e-01 6.930333e-01 7.698499e-01 8.114619e-01 8.817260e-01 1.008146e+00 1.166697e+00 
272 3265 8.038935e-02 1.162974e+00 3.404256e-01 3.404256e-01 3.814698e-01 4.435117e-01 4.545276e-01 4.819209e-01 5.075414e-01 5.741559e-01 6.279302e-01 6.708301e-01 6.878752e-01 7.630885e-01 8.037053e-01 8.866632e-01 1.001772e+00 1.162974e+00 
273 3277 8.038664e-02 1.160007e+00 3.374625e-01 3.374625e-01 3.838072e-01 4.429530e-01 4.567812e-01 4.784366e-01 5.042460e-01 5.686352e-01 6.273683e-01 6.652616e-01 6.944439e-01 7.591488e-01 7.960248e-01 8.971701e-01 9.988582e-01 1.160007e+00 
274 3289 7.535139e-02 1.154071e+00 3.359233e-01 3.359233e-01 3.807069e-01 4.421190e-01 4.553266e-01 4.749250e-01 5.014475e-01 5.633861e-01 6.228560e-01 6.681029e-01 6.895246e-01 7.586198e-01 7.903385e-01 8.926605e-01 9.961399e-01 1.154071e+00 
275 3301 6.983259e-02 1.149010e+00 3.330689e-01 3.330689e-01 3.775901e-01 4.420758e-01 4.544337e-01 4.711904e-01 5.008475e-01 5.671726e-01 6.169903e-01 6.669212e-01 6.912383e-01 7.542044e-01 7.843373e-01 8.970343e-01 9.913270e-01 1.149010e+00 
276 3313 6.599910e-02 1.140149e+00 3.308706e-01 3.308706e-01 3.743653e-01 4.385446e-01 4.539805e-01 4.683112e-01 5.015408e-01 5.631928e-01 6.119948e-01 6.673274e-01 6.898287e-01 7.518158e-01 7.904773e-01 8.910599e-01 9.882187e-01 1.140149e+00 
277 3325 6.421674e-02 1.135345e+00 3.281369e-01 3.281369e-01 3.719502e-01 4.385569e-01 4.540506e-01 4.724251e-01 4.994571e-01 5.626247e-01 6.088192e-01 6.649866e-01 6.861958e-01 7.477102e-01 7.857773e-01 8.884469e-01 9.867466e-01 1.135345e+00 
278 3337 6.260209e-02 1.131248e+00 3.260936e-01 3.260936e-01 3.692694e-01 4.363690e-01 4.508750e-01 4.749019e-01 4.972040e-01 5.614611e-01 6.057162e-01 6.635141e-01 6.844318e-01 7.444892e-01 7.828545e-01 8.817735e-01 9.831846e-01 1.131248e+00 
279 3349 6.425952e-02 1.133693e+00 3.311701e-01 3.311701e-01 3.664868e-01 4.330961e-01 4.470445e-01 4.769086e-01 4.962858e-01 5.610903e-01 6.008984e-01 6.635636e-01 6.797506e-01 7.438330e-01 7.840809e-01 8.758718e-01 9.820570e-01 1.133693e+00 
280 3361 6.288680e-02 1.126184e+00 3.300388e-01 3.300388e-01 3.639740e-01 4.298256e-01 4.495339e-01 4.757728e-01 4.923211e-01 5.606033e-01 6.011487e-01 6.624401e-01 6.774559e-01 7.457852e-01 7.827993e-01 8.713627e-01 9.751190e-01 1.126184e+00 
281 3373 5.963771e-02 1.122629e+00 3.285246e-01 3.285246e-01 3.623228e-01 4.267372e-01 4.504472e-01 4.752996e-01 4.893610e-01 5.631263e-01 5.990935e-01 6.613269e-01 6.771672e-01 7.429514e-01 7.781567e-01 8.706278e-01 9.709061e-01 1.122629e+00 
282 3385 5.687139e-02 1.117002e+00 3.255743e-01 3.255743e-01 3.610347e-01 4.235574e-01 4.474562e-01 4.742933e-01 4.898365e-01 5.682793e-01 5.940639e-01 6.636419e-01 6.725173e-01 7.402977e-01 7.790452e-01 8.679360e-01 9.655012e-01 1.117002e+00 
283 3397 5.277177e-02 1.107023e+00 3.231748e-01 3.231748e-01 3.582519e-01 4.225041e-01 4.457598e-01 4.705624e-01 4.910383e-01 5.655977e-01 5.904916e-01 6.613585e-01 6.675855e-01 7.368954e-01 7.751324e-01 8.670232e-01 9.677264e-01 1.107023e+00 
284 3409 5.132075e-02 1.103507e+00 3.229116e-01 3.229116e-01 3.562555e-01 4.199482e-01 4.427784e-01 4.676749e-01 4.920350e-01 5.648459e-01 5.909678e-01 6.562689e-01 6.638253e-01 7.441714e-01 7.701474e-01 8.745047e-01 9.701139e-01 1.103507e+00 
285 3421 5.070760e-02 1.106713e+00 3.211562e-01 3.211562e-01 3.539340e-01 4.207256e-01 4.387834e-01 4.646192e-01 4.970030e-01 5.656420e-01 5.865727e-01 6.509738e-01 6.616991e-01 7.403447e-01 7.658806e-01 8.716423e-01 9.672768e-01 1.106713e+00 
286 3433 4.948208e-02 1.102978e+00 3.188436e-01 3.188436e-01 3.513876e-01 4.207533e-01 4.368273e-01 4.672319e-01 4.957250e-01 5.649195e-01 5.860641e-01 6.485181e-01 6.576194e-01 7.346745e-01 7.621736e-01 8.688162e-01 9.679473e-01 1.102978e+00 
287 3445 4.653494e-02 1.095508e+00 3.199547e-01 3.199547e-01 3.492150e-01 4.199505e-01 4.333946e-01 4.650259e-01 4.936309e-01 5.630693e-01 5.827401e-01 6.479627e-01 6.582523e-01 7.287866e-01 7.557950e-01 8.638004e-01 9.718756e-01 1.095508e+00 
288 3457 4.238843e-02 1.087624e+00 3.182892e-01 3.182892e-01 3.467967e-01 4.186928e-01 4.321399e-01 4.620444e-01 4.911555e-01 5.591395e-01 5.808154e-01 6.442685e-01 6.603545e-01 7.262326e-01 7.485777e-01 8.594532e-01 9.744412e-01 1.087624e+00 
289 3469 3.960714e-02 1.083599e+00 3.153067e-01 3.153067e-01 3.442678e-01 4.195938e-01 4.303491e-01 4.612437e-01 4.906013e-01 5.555160e-01 5.765494e-01 6.431945e-01 6.603833e-01 7.250160e-01 7.531594e-01 8.534447e-01 9.751401e-01 1.083599e+00 
290 3481 3.823376e-02 1.078022e+00 3.131206e-01 3.131206e-01 3.452461e-01 4.173091e-01 4.269849e-01 4.589288e-01 4.946739e-01 5.540105e-01 5.713806e-01 6.398908e-01 6.574887e-01 7.216303e-01 7.544591e-01 8.496282e-01 9.680820e-01 1.078022e+00 
291 3493 3.848245e-02 1.074336e+00 3.159674e-01 3.159674e-01 3.492148e-01 4.148946e-01 4.247928e-01 4.558793e-01 4.932434e-01 5.547188e-01 5.740372e-01 6.403128e-01 6.570220e-01 7.308729e-01 7.597378e-01 8.508933e-01 9.704294e-01 1.074336e+00 
292 3505 3.644270e-02 1.067435e+00 3.139216e-01 3.139216e-01 3.467400e-01 4.125911e-01 4.245303e-01 4.544296e-01 4.948665e-01 5.524045e-01 5.726054e-01 6.352897e-01 6.510131e-01 7.300124e-01 7.674430e-01 8.472334e-01 9.651145e-01 1.067435e+00 
293 3517 3.515884e-02 1.065773e+00 3.148564e-01 3.148564e-01 3.475592e-01 4.117226e-01 4.214955e-01 4.514554e-01 4.920774e-01 5.503801e-01 5.716972e-01 6.330582e-01 6.547153e-01 7.315414e-01 7.649581e-01 8.407742e-01 9.599828e-01 1.065773e+00 
294 3529 3.539260e-02 1.064456e+00 3.151183e-01 3.151183e-01 3.497839e-01 4.102665e-01 4.185412e-01 4.477644e-01 4.936036e-01 5.473059e-01 5.697509e-01 6.379845e-01 6.504488e-01 7.300027e-01 7.602596e-01 8.478919e-01 9.550793e-01 1.064456e+00 
295 3541 3.486873e-02 1.065275e+00 3.138162e-01 3.138162e-01 3.480788e-01 4.095840e-01 4.189002e-01 4.452988e-01 4.940666e-01 5.445699e-01 5.677538e-01 6.443199e-01 6.621543e-01 7.267202e-01 7.556570e-01 8.423519e-01 9.515490e-01 1.065275e+00 
296 3553 3.310105e-02 1.070847e+00 3.167915e-01 3.167915e-01 3.477811e-01 4.071094e-01 4.159086e-01 4.441183e-01 4.926684e-01 5.446062e-01 5.659277e-01 6.394570e-01 6.738746e-01 7.258689e-01 7.523145e-01 8.403246e-01 9.562971e-01 1.070847e+00 
297 3565 3.207043e-02 1.065993e+00 3.172484e-01 3.172484e-01 3.460744e-01 4.040564e-01 4.125189e-01 4.406210e-01 4.894369e-01 5.408615e-01 5.686688e-01 6.337651e-01 6.706859e-01 7.281278e-01 7.462559e-01 8.341013e-01 9.536073e-01 1.065993e+00 
298 3577 3.144929e-02 1.071888e+00 3.192118e-01 3.192118e-01 3.437810e-01 4.006335e-01 4.119259e-01 4.374555e-01 4.865151e-01 5.432706e-01 5.661198e-01 6.284969e-01 6.691672e-01 7.242322e-01 7.416166e-01 8.302423e-01 9.475150e-01 1.071888e+00 
299 3589 3.085675e-02 1.082613e+00 3.173225e-01 3.173225e-01 3.430574e-01 3.987886e-01 4.117054e-01 4.372133e-01 4.830913e-01 5.430055e-01 5.652435e-01 6.223401e-01 6.775986e-01 7.190496e-01 7.349055e-01 8.238551e-01 9.419214e-01 1.082613e+00 
300 3601 3.024240e-02 1.089238e+00 3.174518e-01 3.174518e-01 3.413559e-01 3.966173e-01 4.093066e-01 4.340941e-01 4.783493e-01 5.377986e-01 5.619482e-01 6.247605e-01 6.799472e-01 7.168242e-01 7.309916e-01 8.178214e-01 9.422723e-01 1.089238e+00 
